642.807311728
21.0490414451
546.227721768
148.496826225
29.1505306283
5.72236765935
642.807311728
756.463327555
890.215085445
47.508101621
756.463327555
107.226722201
394.420605944
284.803586844
55.9081018251
335.160265094
205.651230835
126.185688307
546.227721768
642.807311728
1047.61575279
148.496826225
34.3046928631
4.13201240012
34.3046928631
464.158883361
174.752840001
29.1505306283
1232.84673944
65.7933224658
394.420605944
890.215085445
1047.61575279
394.420605944
4.13201240012
1232.84673944
126.185688307
107.226722201
174.752840001
205.651230835
148.496826225
40.370172586
546.227721768
242.012826479
205.651230835
890.215085445
756.463327555
91.1162756115
394.420605944
24.7707635599
890.215085445
464.158883361
335.160265094
284.803586844
1047.61575279
394.420605944
107.226722201
65.7933224658
464.158883361
107.226722201
174.752840001
55.9081018251
34.3046928631
40.370172586
335.160265094
91.1162756115
335.160265094
12.9154966501
890.215085445
40.370172586
29.1505306283
756.463327555
174.752840001
1047.61575279
77.4263682681
1707.35264747
91.1162756115
174.752840001
546.227721768
394.420605944
205.651230835
546.227721768
15.1991108295
394.420605944
242.012826479
756.463327555
394.420605944
394.420605944
91.1162756115
40.370172586
126.185688307
205.651230835
40.370172586
24.7707635599
890.215085445
335.160265094
12.9154966501
642.807311728
242.012826479
642.807311728
335.160265094
10.9749876549
1232.84673944
91.1162756115
40.370172586
1232.84673944
9.32603346883
242.012826479
284.803586844
148.496826225
284.803586844
107.226722201
284.803586844
10.9749876549
24.7707635599
77.4263682681
1047.61575279
546.227721768
1450.8287785
65.7933224658
756.463327555
1707.35264747
284.803586844
24.7707635599
546.227721768
126.185688307
7.92482898354
174.752840001
91.1162756115
335.160265094
242.012826479
148.496826225
77.4263682681
335.160265094
464.158883361
335.160265094
107.226722201
642.807311728
174.752840001
21.0490414451
205.651230835
642.807311728
394.420605944
3853.52859371
546.227721768
55.9081018251
148.496826225
890.215085445
284.803586844
546.227721768
65.7933224658
34.3046928631
756.463327555
394.420605944
546.227721768
10.9749876549
29.1505306283
2.53536449397
174.752840001
242.012826479
107.226722201
642.807311728
242.012826479
464.158883361
890.215085445
3.51119173422
21.0490414451
77.4263682681
756.463327555
55.9081018251
12.9154966501
642.807311728
65.7933224658
65.7933224658
91.1162756115
77.4263682681
40.370172586
242.012826479
756.463327555
77.4263682681
464.158883361
890.215085445
24.7707635599
205.651230835
29.1505306283
174.752840001
464.158883361
335.160265094
107.226722201
890.215085445
148.496826225
91.1162756115
394.420605944
65.7933224658
890.215085445
464.158883361
335.160265094
205.651230835
4.86260158007
15.1991108295
40.370172586
91.1162756115
12.9154966501
642.807311728
546.227721768
91.1162756115
126.185688307
174.752840001
77.4263682681
242.012826479
17.8864952906
4.13201240012
642.807311728
24.7707635599
9.32603346883
34.3046928631
174.752840001
21.0490414451
77.4263682681
284.803586844
4.86260158007
394.420605944
205.651230835
5.72236765935
174.752840001
107.226722201
55.9081018251
642.807311728
107.226722201
65.7933224658
126.185688307
29.1505306283
9.32603346883
394.420605944
174.752840001
1.8307382803
756.463327555
174.752840001
205.651230835
47.508101621
1047.61575279
77.4263682681
47.508101621
55.9081018251
205.651230835
394.420605944
91.1162756115
1450.8287785
284.803586844
464.158883361
148.496826225
174.752840001
1232.84673944
756.463327555
464.158883361
546.227721768
107.226722201
34.3046928631
642.807311728
335.160265094
242.012826479
464.158883361
107.226722201
1047.61575279
284.803586844
464.158883361
77.4263682681
4534.87850813
21.0490414451
756.463327555
29.1505306283
2.98364724028
29.1505306283
47.508101621
284.803586844
284.803586844
148.496826225
24.7707635599
464.158883361
21.0490414451
148.496826225
205.651230835
1.55567614393
394.420605944
65.7933224658
546.227721768
394.420605944
890.215085445
284.803586844
77.4263682681
1232.84673944
1232.84673944
91.1162756115
242.012826479
394.420605944
546.227721768
335.160265094
7.92482898354
642.807311728
12.9154966501
40.370172586
34.3046928631
890.215085445
394.420605944
29.1505306283
205.651230835
91.1162756115
756.463327555
1232.84673944
17.8864952906
1450.8287785
284.803586844
174.752840001
242.012826479
174.752840001
21.0490414451
205.651230835
148.496826225
148.496826225
464.158883361
205.651230835
4.13201240012
107.226722201
546.227721768
1232.84673944
174.752840001
1450.8287785
205.651230835
107.226722201
205.651230835
464.158883361
148.496826225
107.226722201
65.7933224658
2364.48941265
77.4263682681
34.3046928631
24.7707635599
756.463327555
394.420605944
335.160265094
91.1162756115
2782.55940221
1.55567614393
91.1162756115
642.807311728
34.3046928631
546.227721768
2.15443469003
546.227721768
107.226722201
642.807311728
284.803586844
1232.84673944
756.463327555
284.803586844
1.8307382803
890.215085445
205.651230835
284.803586844
394.420605944
3.51119173422
148.496826225
546.227721768
174.752840001
9.32603346883
284.803586844
394.420605944
335.160265094
546.227721768
242.012826479
394.420605944
174.752840001
642.807311728
55.9081018251
284.803586844
394.420605944
40.370172586
34.3046928631
107.226722201
17.8864952906
1047.61575279
91.1162756115
394.420605944
2.15443469003
12.9154966501
335.160265094
5.72236765935
284.803586844
47.508101621
107.226722201
890.215085445
174.752840001
55.9081018251
65.7933224658
756.463327555
174.752840001
2.53536449397
2009.23300257
4.13201240012
1047.61575279
890.215085445
40.370172586
284.803586844
464.158883361
91.1162756115
29.1505306283
756.463327555
0.0367837977183
9.32603346883
107.226722201
394.420605944
77.4263682681
546.227721768
464.158883361
1450.8287785
205.651230835
756.463327555
464.158883361
174.752840001
40.370172586
2782.55940221
17.8864952906
242.012826479
890.215085445
107.226722201
9.32603346883
284.803586844
40.370172586
205.651230835
126.185688307
1232.84673944
2009.23300257
29.1505306283
148.496826225
40.370172586
126.185688307
174.752840001
65.7933224658
24.7707635599
756.463327555
335.160265094
464.158883361
242.012826479
0.497702356433
756.463327555
546.227721768
756.463327555
205.651230835
91.1162756115
174.752840001
9.32603346883
756.463327555
546.227721768
77.4263682681
29.1505306283
126.185688307
284.803586844
205.651230835
174.752840001
335.160265094
34.3046928631
1232.84673944
55.9081018251
77.4263682681
91.1162756115
890.215085445
1707.35264747
65.7933224658
642.807311728
174.752840001
174.752840001
1047.61575279
546.227721768
394.420605944
148.496826225
890.215085445
10.9749876549
17.8864952906
148.496826225
890.215085445
107.226722201
148.496826225
55.9081018251
126.185688307
107.226722201
205.651230835
394.420605944
9.32603346883
148.496826225
642.807311728
40.370172586
464.158883361
1450.8287785
47.508101621
242.012826479
642.807311728
107.226722201
29.1505306283
394.420605944
40.370172586
91.1162756115
1707.35264747
394.420605944
394.420605944
0.22051307399
65.7933224658
335.160265094
242.012826479
65.7933224658
890.215085445
9.32603346883
148.496826225
9.32603346883
65.7933224658
642.807311728
17.8864952906
890.215085445
174.752840001
205.651230835
335.160265094
205.651230835
2009.23300257
65.7933224658
91.1162756115
242.012826479
1.55567614393
65.7933224658
464.158883361
4.86260158007
335.160265094
174.752840001
174.752840001
55.9081018251
40.370172586
9.32603346883
34.3046928631
29.1505306283
546.227721768
40.370172586
1450.8287785
21.0490414451
890.215085445
55.9081018251
148.496826225
40.370172586
7.92482898354
394.420605944
284.803586844
242.012826479
205.651230835
17.8864952906
0.689261210435
91.1162756115
546.227721768
29.1505306283
29.1505306283
890.215085445
107.226722201
12.9154966501
394.420605944
55.9081018251
91.1162756115
6.73415065775
0.497702356433
1047.61575279
1047.61575279
107.226722201
34.3046928631
890.215085445
17.8864952906
10.9749876549
40.370172586
2364.48941265
1450.8287785
4.13201240012
15.1991108295
40.370172586
91.1162756115
242.012826479
12.9154966501
394.420605944
107.226722201
10.9749876549
335.160265094
1047.61575279
29.1505306283
2009.23300257
55.9081018251
126.185688307
2009.23300257
21.0490414451
3274.54916288
394.420605944
1047.61575279
464.158883361
91.1162756115
2009.23300257
546.227721768
24.7707635599
1450.8287785
148.496826225
55.9081018251
205.651230835
24.7707635599
126.185688307
205.651230835
242.012826479
126.185688307
284.803586844
1450.8287785
9.32603346883
205.651230835
284.803586844
284.803586844
242.012826479
464.158883361
148.496826225
394.420605944
1.55567614393
2.98364724028
12.9154966501
464.158883361
15.1991108295
394.420605944
2364.48941265
0.954548456662
394.420605944
242.012826479
464.158883361
24.7707635599
890.215085445
91.1162756115
40.370172586
205.651230835
1232.84673944
464.158883361
126.185688307
1047.61575279
335.160265094
21.0490414451
890.215085445
546.227721768
107.226722201
174.752840001
546.227721768
1232.84673944
24.7707635599
546.227721768
335.160265094
91.1162756115
205.651230835
242.012826479
4.13201240012
29.1505306283
642.807311728
205.651230835
335.160265094
126.185688307
0.0705480231072
126.185688307
205.651230835
34.3046928631
174.752840001
890.215085445
6.73415065775
205.651230835
0.689261210435
15.1991108295
394.420605944
65.7933224658
284.803586844
1232.84673944
335.160265094
4.13201240012
642.807311728
205.651230835
55.9081018251
205.651230835
15.1991108295
394.420605944
205.651230835
464.158883361
91.1162756115
1232.84673944
148.496826225
242.012826479
205.651230835
1047.61575279
107.226722201
3274.54916288
148.496826225
174.752840001
756.463327555
1450.8287785
55.9081018251
464.158883361
335.160265094
15.1991108295
1047.61575279
65.7933224658
242.012826479
107.226722201
126.185688307
29.1505306283
107.226722201
0.305385550883
24.7707635599
174.752840001
546.227721768
394.420605944
0.11497569954
242.012826479
174.752840001
65.7933224658
205.651230835
126.185688307
756.463327555
148.496826225
464.158883361
1232.84673944
126.185688307
205.651230835
2.98364724028
55.9081018251
77.4263682681
148.496826225
2009.23300257
1232.84673944
47.508101621
205.651230835
242.012826479
546.227721768
642.807311728
546.227721768
242.012826479
47.508101621
394.420605944
394.420605944
394.420605944
148.496826225
284.803586844
335.160265094
148.496826225
1450.8287785
47.508101621
335.160265094
546.227721768
148.496826225
6.73415065775
148.496826225
107.226722201
10.9749876549
7.92482898354
205.651230835
1707.35264747
12.9154966501
756.463327555
394.420605944
242.012826479
205.651230835
0.81113083079
394.420605944
47.508101621
642.807311728
40.370172586
284.803586844
642.807311728
464.158883361
148.496826225
107.226722201
242.012826479
205.651230835
91.1162756115
756.463327555
5.72236765935
126.185688307
464.158883361
77.4263682681
174.752840001
6.73415065775
205.651230835
174.752840001
4.86260158007
335.160265094
126.185688307
394.420605944
394.420605944
47.508101621
174.752840001
77.4263682681
12.9154966501
205.651230835
1047.61575279
0.585702081806
77.4263682681
21.0490414451
890.215085445
546.227721768
29.1505306283
464.158883361
464.158883361
464.158883361
174.752840001
546.227721768
890.215085445
890.215085445
21.0490414451
34.3046928631
21.0490414451
91.1162756115
148.496826225
464.158883361
24.7707635599
464.158883361
107.226722201
12.9154966501
4.13201240012
642.807311728
34.3046928631
21.0490414451
40.370172586
1450.8287785
91.1162756115
148.496826225
1047.61575279
335.160265094
29.1505306283
394.420605944
756.463327555
91.1162756115
24.7707635599
107.226722201
174.752840001
756.463327555
1450.8287785
55.9081018251
242.012826479
1450.8287785
77.4263682681
1.8307382803
40.370172586
890.215085445
242.012826479
1047.61575279
756.463327555
47.508101621
47.508101621
2364.48941265
126.185688307
2009.23300257
7.92482898354
55.9081018251
464.158883361
40.370172586
546.227721768
77.4263682681
1450.8287785
205.651230835
174.752840001
107.226722201
890.215085445
284.803586844
174.752840001
205.651230835
284.803586844
1047.61575279
242.012826479
1047.61575279
174.752840001
174.752840001
205.651230835
107.226722201
47.508101621
1450.8287785
126.185688307
284.803586844
642.807311728
126.185688307
174.752840001
284.803586844
2009.23300257
17.8864952906
174.752840001
107.226722201
91.1162756115
394.420605944
1047.61575279
2009.23300257
148.496826225
77.4263682681
126.185688307
34.3046928631
756.463327555
756.463327555
126.185688307
642.807311728
642.807311728
17.8864952906
174.752840001
126.185688307
205.651230835
335.160265094
12.9154966501
34.3046928631
21.0490414451
756.463327555
890.215085445
65.7933224658
335.160265094
1450.8287785
148.496826225
12.9154966501
1450.8287785
15.1991108295
642.807311728
335.160265094
242.012826479
15.1991108295
756.463327555
464.158883361
34.3046928631
15.1991108295
47.508101621
34.3046928631
890.215085445
9.32603346883
148.496826225
0.422924287439
335.160265094
12.9154966501
3853.52859371
40.370172586
464.158883361
335.160265094
205.651230835
4534.87850813
174.752840001
126.185688307
107.226722201
642.807311728
205.651230835
205.651230835
546.227721768
335.160265094
55.9081018251
126.185688307
77.4263682681
284.803586844
107.226722201
756.463327555
29.1505306283
205.651230835
174.752840001
242.012826479
40.370172586
15.1991108295
642.807311728
40.370172586
335.160265094
34.3046928631
890.215085445
546.227721768
756.463327555
756.463327555
4.13201240012
91.1162756115
205.651230835
205.651230835
21.0490414451
65.7933224658
21.0490414451
6280.29144183
91.1162756115
394.420605944
29.1505306283
464.158883361
335.160265094
2.15443469003
12.9154966501
890.215085445
205.651230835
34.3046928631
284.803586844
546.227721768
890.215085445
91.1162756115
890.215085445
2009.23300257
107.226722201
1047.61575279
107.226722201
91.1162756115
394.420605944
5.72236765935
890.215085445
205.651230835
5.72236765935
107.226722201
7.92482898354
