1222.04468663
2292.76931287
407.953450345
26.6947849403
8.91148232284
428.185179865
899.402217409
100.230754828
487.178021879
729.227205873
1.37131471775
1074.06615333
23.4622884814
65.889895508
165.279206146
50.8987019352
13.7765076955
928.897872016
101.861017016
741.088151564
62.7766010581
729.227205873
545.427130533
93.9664831495
974.964918348
69.1575882874
442.227398051
115.894830344
191.109062169
545.427130533
100.230754828
85.2964449974
220.97561148
928.897872016
600.867589172
81.2661920009
1771.12106435
456.730127017
1127.33256371
330.764978074
407.953450345
5.14886745014
25.8471350747
495.102015956
364.385898376
471.708469092
167.967487209
358.553985746
60.783231283
263.889081446
136.186523676
44.0193518521
89.52657126
388.677669089
536.697694554
179.165032736
123.620954374
33.4598912055
0.165660595895
777.841107129
47.7176094894
90.9827289446
21.6438908606
18.1241754737
1.86324631193
1282.64983053
8.08924348681
9.66017479952
61.7718759734
61.7718759734
295.440799888
2.78898029238
239.540735872
251.420334814
15.1768339028
528.107971193
2694.20371368
959.360828709
154.949503931
147.628147191
435.149650093
26.6947849403
519.655724383
8.49041520409
83.9312949817
41.268208457
358.553985746
259.665597293
899.402217409
18.418966808
6.14877765381
145.265392595
11.7238180329
729.227205873
315.136348487
73.7679760253
79.9655452589
51.7265738722
694.771254846
856.905505127
300.246170909
224.569799554
856.905505127
110.418805085
114.039960197
1127.33256371
1202.48614204
661.943345877
6.77377599752
1303.51224468
8.08924348681
86.6837993002
115.894830344
974.964918348
336.144900011
7.70702711421
1829.20450485
2485.39485743
170.699493404
651.349094627
528.107971193
325.471160553
2115.07282487
11.3515470892
117.77987012
162.633950405
741.088151564
1039.96091395
145.265392595
101.861017016
620.572880678
1.39361927422
20.9566239948
3.6691423784
20.62121804
160.031031374
2115.07282487
519.655724383
176.297537529
1660.42865719
136.186523676
2.05263775271
182.07916801
11.3515470892
717.556091894
71.4255928554
134.006889636
28.9375301905
1039.96091395
829.695852083
421.332174385
856.905505127
620.572880678
243.436887354
286.059553518
117.77987012
358.553985746
536.697694554
71.4255928554
640.924401936
239.540735872
243.436887354
286.059553518
870.843149769
2149.47467344
8.76885609459
0.365226736431
341.612326859
428.185179865
140.652724211
235.7069414
170.699493404
63.7976680861
20.62121804
188.050405513
899.402217409
394.999546122
9.81729840619
210.534524277
3.07246884271
563.31426706
268.181260945
370.312667587
46.2024137175
45.4629546953
157.469771464
150.029332202
17.8341022071
729.227205873
428.185179865
829.695852083
147.628147191
22.7172813303
1091.53593533
131.862140139
259.665597293
59.8104096238
816.416760492
115.894830344
210.534524277
131.862140139
4.67379510799
27.5702332561
59.8104096238
620.572880678
1556.65435927
29.8865287355
35.1192753045
2149.47467344
856.905505127
25.8471350747
528.107971193
421.332174385
388.677669089
286.059553518
23.4622884814
272.543253128
34.5571993676
5.95353313081
78.6857150694
263.889081446
29.8865287355
295.440799888
11.1698681847
89.52657126
157.469771464
32.9243733301
251.420334814
152.469572702
165.279206146
39.3182875571
56.0723488285
123.620954374
101.861017016
41.268208457
31.8789129268
2873.81269185
239.540735872
34.5571993676
82.5879938784
17.2678090388
11.7238180329
341.612326859
123.620954374
34.5571993676
117.77987012
56.9843705947
167.967487209
188.050405513
741.088151564
519.655724383
65.889895508
185.040701954
464.158883361
388.677669089
57.9112264764
8.76885609459
46.2024137175
272.543253128
90.9827289446
142.940453343
39.3182875571
147.628147191
591.250841383
93.9664831495
49.2824957004
165.279206146
28.9375301905
449.420266212
421.332174385
14.2283045721
165.279206146
765.391938823
347.168681893
5.67222897164
152.469572702
17.8341022071
154.949503931
16.4519058775
117.77987012
320.262069366
77.4263682681
50.0840798985
511.338753841
5.58144624945
694.771254846
85.2964449974
64.8353428605
0.450457325176
231.934505927
479.380849509
672.709913571
435.149650093
464.158883361
352.815411538
138.401609657
7.95977700231
239.540735872
228.222447419
100.230754828
7.95977700231
272.543253128
63.7976680861
347.168681893
154.949503931
23.8439047009
11.5361810174
10.1392540756
554.298551568
92.4625711641
70.2824426431
572.47662397
885.007491447
3.97740302406
150.029332202
31.3686982457
131.862140139
38.6890073933
2.8804441534
1127.33256371
519.655724383
228.222447419
268.181260945
341.612326859
17.5486714965
1660.42865719
479.380849509
829.695852083
8.22081575524
101.861017016
325.471160553
47.7176094894
1183.24062746
46.9539001068
753.142016597
1413.0259906
10.6420924406
150.029332202
16.7194975973
44.735330545
220.97561148
194.217468149
310.092663593
358.553985746
1145.66872863
421.332174385
610.640754223
19.0230118867
1531.7404637
70.2824426431
729.227205873
31.8789129268
1531.7404637
210.534524277
407.953450345
82.5879938784
239.540735872
3.78947091907
870.843149769
449.420266212
71.4255928554
20.9566239948
59.8104096238
45.4629546953
8.22081575524
1436.00898465
1390.41083409
93.9664831495
14.6949180062
125.631660247
519.655724383
370.312667587
2.70042071884
2047.91209667
495.102015956
48.4937406734
10.1392540756
272.543253128
9.5055659201
95.4948563979
100.230754828
89.52657126
71.4255928554
5.06646100892
661.943345877
1222.04468663
7.95977700231
173.475935923
32.3974262953
591.250841383
0.185467692308
777.841107129
152.469572702
32.9243733301
401.42424905
55.1749237613
65.889895508
290.712337727
661.943345877
56.9843705947
28.4743916647
239.540735872
173.475935923
944.006478942
414.588849683
290.712337727
101.861017016
114.039960197
30.372635797
162.633950405
428.185179865
0.070444622773
414.588849683
18.418966808
165.279206146
41.9394395567
14.0005838247
176.297537529
305.129701718
511.338753841
32.9243733301
1368.15762797
3.61041859717
32.9243733301
554.298551568
21.2974853575
55.1749237613
224.569799554
61.7718759734
325.471160553
435.149650093
729.227205873
11.5361810174
456.730127017
9.20373199662
54.2918617762
110.418805085
74.9678187497
1202.48614204
228.222447419
247.396410089
376.335836229
131.862140139
694.771254846
581.788007434
14.4597292179
1368.15762797
97.0480887738
1413.0259906
347.168681893
170.699493404
2738.02517793
320.262069366
220.97561148
9.5055659201
536.697694554
138.401609657
114.039960197
76.1871770232
503.154894504
706.071771414
30.8666494334
3.85110700233
790.49276227
1039.96091395
224.569799554
19.0230118867
4.98537346387
428.185179865
28.0186655646
24.2317279424
610.640754223
717.556091894
38.6890073933
2827.81797963
272.543253128
29.8865287355
6.45371540165
15.9295021257
885.007491447
286.059553518
81.2661920009
19.6468664618
150.029332202
600.867589172
1858.95667964
14.0005838247
46.9539001068
55.1749237613
4.38168993151
73.7679760253
119.695570236
131.862140139
92.4625711641
12.708787092
12.1082975023
140.652724211
77.4263682681
20.2911801805
435.149650093
70.2824426431
77.4263682681
1222.04468663
1531.7404637
66.9616005485
76.1871770232
1607.70442167
9.81729840619
51.7265738722
295.440799888
138.401609657
136.186523676
1324.71398787
706.071771414
0.105444279353
428.185179865
123.620954374
990.8228099
479.380849509
5.40421642071
160.031031374
82.5879938784
71.4255928554
66.9616005485
928.897872016
382.456972247
1183.24062746
352.815411538
554.298551568
959.360828709
503.154894504
188.050405513
134.006889636
81.2661920009
33.4598912055
414.588849683
1056.87597118
23.8439047009
29.8865287355
0.01
127.675070432
39.3182875571
5.49211648389
401.42424905
347.168681893
68.0507369674
0.779636013041
140.652724211
428.185179865
40.607720257
106.912633917
620.572880678
1858.95667964
60.783231283
741.088151564
69.1575882874
11.9145069812
1282.64983053
93.9664831495
119.695570236
40.607720257
0.767158117678
790.49276227
640.924401936
259.665597293
341.612326859
1324.71398787
4.8270709656
207.16496756
157.469771464
25.433457613
46.2024137175
44.735330545
12.5053858729
243.436887354
407.953450345
145.265392595
803.350197712
79.9655452589
60.783231283
1056.87597118
610.640754223
210.534524277
843.190929287
2115.07282487
34.5571993676
228.222447419
276.976193504
2738.02517793
545.427130533
729.227205873
8.91148232284
119.695570236
81.2661920009
115.894830344
401.42424905
20.62121804
32.9243733301
77.4263682681
388.677669089
1459.36579916
536.697694554
243.436887354
231.934505927
154.949503931
0.185467692308
108.651577465
661.943345877
7.583677915
70.2824426431
154.949503931
630.666554057
765.391938823
162.633950405
1.58562396177
92.4625711641
63.7976680861
154.949503931
160.031031374
640.924401936
7.95977700231
255.509709035
50.0840798985
52.5679112202
90.9827289446
272.543253128
98.6265846131
115.894830344
0.642403365939
213.958887134
9.20373199662
58.8531577519
131.862140139
16.7194975973
57.9112264764
325.471160553
34.004119327
100.230754828
140.652724211
228.222447419
48.4937406734
70.2824426431
239.540735872
105.201521762
843.190929287
268.181260945
281.481236051
167.967487209
63.7976680861
32.9243733301
1.30652016212
803.350197712
76.1871770232
1919.92066559
286.059553518
154.949503931
259.665597293
4.90558370637
959.360828709
239.540735872
88.0937190447
213.958887134
157.469771464
1145.66872863
231.934505927
503.154894504
281.481236051
370.312667587
0.389574561578
870.843149769
70.2824426431
610.640754223
610.640754223
1687.43567773
24.2317279424
2694.20371368
39.3182875571
235.7069414
1241.9213527
188.050405513
259.665597293
1660.42865719
154.949503931
73.7679760253
200.586777951
1222.04468663
125.631660247
914.031074876
54.2918617762
7.34287044717
330.764978074
35.6904934568
2.45126006203
2827.81797963
5.40421642071
449.420266212
207.16496756
310.092663593
1799.92850678
8.08924348681
50.0840798985
1324.71398787
247.396410089
157.469771464
1262.12131452
31.3686982457
290.712337727
1919.92066559
325.471160553
13.3390569004
43.3148322338
200.586777951
29.4082017059
30.372635797
61.7718759734
106.912633917
1.56024641437
147.628147191
162.633950405
286.059553518
217.43894756
376.335836229
2081.22156999
93.9664831495
1556.65435927
777.841107129
856.905505127
10.9910970093
479.380849509
61.7718759734
4.98537346387
154.949503931
60.783231283
281.481236051
121.642429386
9.05642837945
4.74981480323
131.862140139
22.3536964591
456.730127017
341.612326859
170.699493404
16.7194975973
315.136348487
9.66017479952
165.279206146
235.7069414
13.1255683577
167.967487209
165.279206146
683.651600451
519.655724383
899.402217409
12.1082975023
95.4948563979
310.092663593
1687.43567773
672.709913571
442.227398051
92.4625711641
47.7176094894
790.49276227
23.8439047009
1262.12131452
2.11995345754
29.8865287355
197.37643263
46.9539001068
414.588849683
0.20431973202
28.9375301905
9.5055659201
56.9843705947
8.35452805838
70.2824426431
191.109062169
15.423686463
179.165032736
1.77520801172
63.7976680861
69.1575882874
2782.55940221
1660.42865719
255.509709035
563.31426706
30.8666494334
224.569799554
1056.87597118
14.9339321612
0.663470812109
157.469771464
0.268800102154
479.380849509
2.29805998876
112.214776821
2.11995345754
173.475935923
1202.48614204
51.7265738722
1390.41083409
1531.7404637
435.149650093
1303.51224468
27.1289780037
640.924401936
188.050405513
92.4625711641
1006.93863148
1390.41083409
286.059553518
243.436887354
717.556091894
407.953450345
694.771254846
816.416760492
165.279206146
29.8865287355
347.168681893
188.050405513
428.185179865
82.5879938784
45.4629546953
300.246170909
370.312667587
3.27729484992
358.553985746
65.889895508
672.709913571
471.708469092
170.699493404
5.23261423949
34.004119327
2015.13573382
82.5879938784
0.831610415323
591.250841383
803.350197712
15.6745541021
487.178021879
71.4255928554
129.751716866
140.652724211
1829.20450485
210.534524277
442.227398051
268.181260945
45.4629546953
197.37643263
13.7765076955
101.861017016
401.42424905
255.509709035
320.262069366
495.102015956
0.422304418721
31.8789129268
39.957803019
179.165032736
72.5873365082
53.4229329954
661.943345877
1919.92066559
487.178021879
138.401609657
173.475935923
5.76448828293
18.7185529497
9.05642837945
347.168681893
35.1192753045
630.666554057
2115.07282487
2.18947676286
330.764978074
83.9312949817
82.5879938784
129.751716866
21.9959306803
717.556091894
3.6691423784
364.385898376
591.250841383
364.385898376
32.3974262953
14.4597292179
330.764978074
3431.90719746
18.1241754737
69.1575882874
2968.05860867
263.889081446
1.74679621513
114.039960197
263.889081446
376.335836229
45.4629546953
7.34287044717
7.70702711421
471.708469092
2.57282596745
341.612326859
536.697694554
414.588849683
683.651600451
1109.2898649
376.335836229
13.3390569004
32.9243733301
119.695570236
2827.81797963
30.372635797
150.029332202
176.297537529
899.402217409
1324.71398787
131.862140139
1303.51224468
61.7718759734
503.154894504
2694.20371368
114.039960197
136.186523676
127.675070432
1282.64983053
63.7976680861
1303.51224468
1006.93863148
68.0507369674
24.6258591635
0.0290043049386
414.588849683
1.09405470721
2827.81797963
77.4263682681
100.230754828
101.861017016
3.97740302406
50.0840798985
71.4255928554
165.279206146
34.004119327
127.675070432
330.764978074
5.23261423949
61.7718759734
320.262069366
243.436887354
17.2678090388
142.940453343
194.217468149
5220.56752785
220.97561148
479.380849509
268.181260945
503.154894504
95.4948563979
188.050405513
843.190929287
0.961574600143
358.553985746
41.268208457
28.4743916647
407.953450345
79.9655452589
50.0840798985
85.2964449974
388.677669089
4514.96777204
1056.87597118
127.675070432
77.4263682681
182.07916801
511.338753841
729.227205873
290.712337727
18.1241754737
6.24878807201
243.436887354
790.49276227
65.889895508
85.2964449974
407.953450345
364.385898376
263.889081446
88.0937190447
672.709913571
78.6857150694
98.6265846131
305.129701718
610.640754223
147.628147191
220.97561148
29.4082017059
101.861017016
352.815411538
134.006889636
42.6215882902
28.4743916647
545.427130533
885.007491447
