126.185688307
464.158883361
205.651230835
642.807311728
65.7933224658
205.651230835
464.158883361
284.803586844
756.463327555
0.0509413801482
1047.61575279
546.227721768
205.651230835
284.803586844
4.86260158007
205.651230835
5336.69923121
55.9081018251
55.9081018251
107.226722201
1450.8287785
17.8864952906
1047.61575279
29.1505306283
148.496826225
91.1162756115
284.803586844
126.185688307
1.32194114847
642.807311728
1232.84673944
284.803586844
242.012826479
55.9081018251
65.7933224658
642.807311728
0.81113083079
6.73415065775
12.9154966501
464.158883361
65.7933224658
24.7707635599
126.185688307
284.803586844
546.227721768
756.463327555
24.7707635599
148.496826225
40.370172586
335.160265094
21.0490414451
205.651230835
47.508101621
284.803586844
890.215085445
464.158883361
464.158883361
34.3046928631
65.7933224658
335.160265094
21.0490414451
756.463327555
40.370172586
394.420605944
24.7707635599
335.160265094
756.463327555
7.92482898354
642.807311728
91.1162756115
126.185688307
17.8864952906
284.803586844
40.370172586
642.807311728
148.496826225
148.496826225
29.1505306283
242.012826479
174.752840001
394.420605944
148.496826225
756.463327555
546.227721768
2.98364724028
77.4263682681
546.227721768
107.226722201
756.463327555
65.7933224658
91.1162756115
1.12332403298
335.160265094
394.420605944
1.12332403298
284.803586844
464.158883361
21.0490414451
242.012826479
756.463327555
642.807311728
1232.84673944
284.803586844
77.4263682681
284.803586844
107.226722201
464.158883361
335.160265094
642.807311728
91.1162756115
4.13201240012
55.9081018251
890.215085445
464.158883361
756.463327555
394.420605944
174.752840001
0.954548456662
546.227721768
91.1162756115
1232.84673944
148.496826225
242.012826479
1.32194114847
464.158883361
756.463327555
17.8864952906
17.8864952906
242.012826479
65.7933224658
546.227721768
40.370172586
107.226722201
284.803586844
642.807311728
642.807311728
148.496826225
0.187381742286
21.0490414451
284.803586844
335.160265094
205.651230835
394.420605944
126.185688307
335.160265094
464.158883361
546.227721768
29.1505306283
1.55567614393
40.370172586
148.496826225
2364.48941265
2009.23300257
107.226722201
7.92482898354
205.651230835
205.651230835
546.227721768
148.496826225
890.215085445
174.752840001
34.3046928631
642.807311728
91.1162756115
1232.84673944
21.0490414451
148.496826225
205.651230835
148.496826225
205.651230835
756.463327555
107.226722201
15.1991108295
546.227721768
148.496826225
284.803586844
642.807311728
2.53536449397
91.1162756115
21.0490414451
65.7933224658
9.32603346883
890.215085445
107.226722201
107.226722201
394.420605944
17.8864952906
890.215085445
2009.23300257
34.3046928631
0.135304777458
65.7933224658
756.463327555
642.807311728
55.9081018251
335.160265094
91.1162756115
0.585702081806
394.420605944
464.158883361
756.463327555
4.13201240012
65.7933224658
15.1991108295
65.7933224658
2009.23300257
91.1162756115
4.13201240012
0.954548456662
126.185688307
34.3046928631
1232.84673944
126.185688307
1707.35264747
17.8864952906
34.3046928631
0.497702356433
17.8864952906
91.1162756115
2.98364724028
642.807311728
15.1991108295
642.807311728
1.32194114847
126.185688307
29.1505306283
335.160265094
642.807311728
17.8864952906
2.53536449397
642.807311728
65.7933224658
0.689261210435
174.752840001
91.1162756115
205.651230835
890.215085445
47.508101621
890.215085445
17.8864952906
642.807311728
242.012826479
1450.8287785
126.185688307
335.160265094
1707.35264747
148.496826225
65.7933224658
756.463327555
77.4263682681
24.7707635599
335.160265094
890.215085445
205.651230835
91.1162756115
464.158883361
284.803586844
47.508101621
91.1162756115
642.807311728
642.807311728
15.1991108295
205.651230835
756.463327555
394.420605944
284.803586844
15.1991108295
126.185688307
91.1162756115
107.226722201
284.803586844
10.9749876549
464.158883361
756.463327555
24.7707635599
642.807311728
1.8307382803
47.508101621
6.73415065775
890.215085445
242.012826479
77.4263682681
65.7933224658
1047.61575279
1450.8287785
756.463327555
47.508101621
546.227721768
2782.55940221
0.25950242114
1232.84673944
1232.84673944
12.9154966501
464.158883361
1.12332403298
1232.84673944
1047.61575279
335.160265094
148.496826225
21.0490414451
77.4263682681
40.370172586
126.185688307
1232.84673944
464.158883361
464.158883361
21.0490414451
205.651230835
77.4263682681
335.160265094
55.9081018251
24.7707635599
205.651230835
126.185688307
0.01
91.1162756115
205.651230835
242.012826479
34.3046928631
107.226722201
642.807311728
10.9749876549
2.98364724028
890.215085445
464.158883361
464.158883361
464.158883361
890.215085445
65.7933224658
242.012826479
284.803586844
242.012826479
890.215085445
642.807311728
29.1505306283
107.226722201
464.158883361
890.215085445
47.508101621
242.012826479
546.227721768
394.420605944
126.185688307
464.158883361
0.305385550883
107.226722201
1450.8287785
205.651230835
0.585702081806
174.752840001
890.215085445
394.420605944
464.158883361
91.1162756115
174.752840001
1047.61575279
1450.8287785
15.1991108295
174.752840001
47.508101621
55.9081018251
65.7933224658
464.158883361
5336.69923121
205.651230835
65.7933224658
2009.23300257
4.86260158007
2364.48941265
546.227721768
55.9081018251
107.226722201
205.651230835
242.012826479
34.3046928631
17.8864952906
205.651230835
284.803586844
148.496826225
77.4263682681
9.32603346883
464.158883361
394.420605944
464.158883361
464.158883361
890.215085445
1232.84673944
21.0490414451
890.215085445
394.420605944
394.420605944
174.752840001
464.158883361
174.752840001
24.7707635599
91.1162756115
15.1991108295
242.012826479
284.803586844
890.215085445
6280.29144183
91.1162756115
3.51119173422
242.012826479
77.4263682681
284.803586844
205.651230835
107.226722201
756.463327555
55.9081018251
335.160265094
174.752840001
205.651230835
284.803586844
284.803586844
148.496826225
47.508101621
3274.54916288
642.807311728
55.9081018251
1707.35264747
242.012826479
335.160265094
5.72236765935
3.51119173422
1.12332403298
1047.61575279
242.012826479
756.463327555
2009.23300257
464.158883361
756.463327555
2.98364724028
126.185688307
3.51119173422
21.0490414451
148.496826225
205.651230835
464.158883361
335.160265094
546.227721768
1707.35264747
24.7707635599
65.7933224658
34.3046928631
394.420605944
29.1505306283
1047.61575279
55.9081018251
546.227721768
77.4263682681
55.9081018251
284.803586844
284.803586844
148.496826225
2009.23300257
464.158883361
1047.61575279
546.227721768
642.807311728
335.160265094
77.4263682681
17.8864952906
394.420605944
65.7933224658
394.420605944
12.9154966501
126.185688307
174.752840001
205.651230835
756.463327555
24.7707635599
12.9154966501
2009.23300257
21.0490414451
890.215085445
1.8307382803
0.585702081806
242.012826479
34.3046928631
148.496826225
174.752840001
242.012826479
0.497702356433
77.4263682681
642.807311728
148.496826225
335.160265094
756.463327555
9.32603346883
29.1505306283
174.752840001
546.227721768
394.420605944
546.227721768
205.651230835
756.463327555
394.420605944
126.185688307
546.227721768
55.9081018251
65.7933224658
91.1162756115
91.1162756115
205.651230835
546.227721768
47.508101621
107.226722201
1707.35264747
126.185688307
546.227721768
1232.84673944
47.508101621
335.160265094
890.215085445
394.420605944
1450.8287785
15.1991108295
55.9081018251
91.1162756115
10.9749876549
242.012826479
126.185688307
284.803586844
394.420605944
1232.84673944
107.226722201
148.496826225
126.185688307
29.1505306283
394.420605944
21.0490414451
17.8864952906
546.227721768
0.954548456662
464.158883361
546.227721768
1232.84673944
126.185688307
0.159228279334
205.651230835
242.012826479
15.1991108295
1047.61575279
174.752840001
107.226722201
107.226722201
335.160265094
464.158883361
284.803586844
7.92482898354
2364.48941265
174.752840001
2364.48941265
15.1991108295
242.012826479
394.420605944
21.0490414451
756.463327555
148.496826225
107.226722201
1047.61575279
12.9154966501
394.420605944
5.72236765935
17.8864952906
205.651230835
1232.84673944
107.226722201
47.508101621
205.651230835
34.3046928631
29.1505306283
47.508101621
242.012826479
205.651230835
148.496826225
21.0490414451
464.158883361
1232.84673944
7.92482898354
65.7933224658
756.463327555
21.0490414451
464.158883361
10.9749876549
642.807311728
148.496826225
335.160265094
55.9081018251
9.32603346883
12.9154966501
9.32603346883
242.012826479
284.803586844
40.370172586
1047.61575279
148.496826225
756.463327555
756.463327555
546.227721768
464.158883361
756.463327555
335.160265094
21.0490414451
47.508101621
335.160265094
1232.84673944
15.1991108295
890.215085445
5.72236765935
126.185688307
6.73415065775
394.420605944
15.1991108295
242.012826479
284.803586844
1707.35264747
242.012826479
2364.48941265
34.3046928631
546.227721768
756.463327555
107.226722201
335.160265094
464.158883361
0.81113083079
464.158883361
546.227721768
205.651230835
55.9081018251
29.1505306283
2782.55940221
1450.8287785
205.651230835
91.1162756115
91.1162756115
242.012826479
642.807311728
642.807311728
394.420605944
0.11497569954
242.012826479
1047.61575279
174.752840001
55.9081018251
284.803586844
242.012826479
77.4263682681
890.215085445
642.807311728
174.752840001
174.752840001
2.98364724028
9.32603346883
29.1505306283
126.185688307
77.4263682681
642.807311728
1450.8287785
1232.84673944
546.227721768
24.7707635599
205.651230835
205.651230835
148.496826225
284.803586844
1232.84673944
55.9081018251
464.158883361
126.185688307
107.226722201
756.463327555
126.185688307
464.158883361
107.226722201
29.1505306283
335.160265094
242.012826479
4.13201240012
242.012826479
126.185688307
205.651230835
4.13201240012
464.158883361
756.463327555
91.1162756115
0.689261210435
65.7933224658
77.4263682681
47.508101621
3274.54916288
55.9081018251
2009.23300257
107.226722201
394.420605944
284.803586844
335.160265094
0.11497569954
91.1162756115
77.4263682681
335.160265094
47.508101621
335.160265094
1.8307382803
77.4263682681
1232.84673944
174.752840001
24.7707635599
21.0490414451
284.803586844
1232.84673944
9.32603346883
642.807311728
284.803586844
47.508101621
174.752840001
1047.61575279
91.1162756115
2009.23300257
1047.61575279
107.226722201
394.420605944
1232.84673944
205.651230835
335.160265094
756.463327555
2364.48941265
107.226722201
9.32603346883
55.9081018251
0.35938136638
148.496826225
12.9154966501
335.160265094
464.158883361
756.463327555
2364.48941265
126.185688307
335.160265094
2782.55940221
55.9081018251
107.226722201
9.32603346883
77.4263682681
77.4263682681
126.185688307
756.463327555
284.803586844
55.9081018251
107.226722201
65.7933224658
642.807311728
174.752840001
756.463327555
21.0490414451
65.7933224658
1047.61575279
174.752840001
174.752840001
91.1162756115
107.226722201
91.1162756115
126.185688307
126.185688307
91.1162756115
29.1505306283
4.86260158007
205.651230835
242.012826479
29.1505306283
890.215085445
91.1162756115
890.215085445
174.752840001
546.227721768
284.803586844
148.496826225
77.4263682681
546.227721768
642.807311728
126.185688307
242.012826479
242.012826479
546.227721768
642.807311728
91.1162756115
2.53536449397
242.012826479
40.370172586
126.185688307
6.73415065775
174.752840001
335.160265094
1047.61575279
1232.84673944
394.420605944
1.8307382803
107.226722201
29.1505306283
205.651230835
174.752840001
205.651230835
91.1162756115
40.370172586
394.420605944
29.1505306283
2009.23300257
464.158883361
546.227721768
107.226722201
148.496826225
40.370172586
126.185688307
890.215085445
148.496826225
1450.8287785
34.3046928631
1450.8287785
5.72236765935
464.158883361
126.185688307
284.803586844
126.185688307
2782.55940221
394.420605944
1707.35264747
394.420605944
1450.8287785
3853.52859371
464.158883361
1232.84673944
9.32603346883
284.803586844
205.651230835
642.807311728
126.185688307
65.7933224658
126.185688307
284.803586844
284.803586844
148.496826225
17.8864952906
107.226722201
464.158883361
55.9081018251
148.496826225
7.92482898354
148.496826225
77.4263682681
1232.84673944
24.7707635599
890.215085445
335.160265094
394.420605944
7.92482898354
205.651230835
91.1162756115
464.158883361
40.370172586
24.7707635599
65.7933224658
1450.8287785
242.012826479
47.508101621
15.1991108295
890.215085445
464.158883361
148.496826225
91.1162756115
546.227721768
34.3046928631
65.7933224658
126.185688307
284.803586844
34.3046928631
65.7933224658
1232.84673944
756.463327555
55.9081018251
40.370172586
21.0490414451
394.420605944
242.012826479
24.7707635599
642.807311728
21.0490414451
642.807311728
174.752840001
2.53536449397
91.1162756115
464.158883361
77.4263682681
126.185688307
1.55567614393
394.420605944
107.226722201
5.72236765935
546.227721768
34.3046928631
126.185688307
65.7933224658
335.160265094
335.160265094
205.651230835
1047.61575279
242.012826479
21.0490414451
284.803586844
464.158883361
77.4263682681
394.420605944
40.370172586
1707.35264747
77.4263682681
546.227721768
2782.55940221
335.160265094
126.185688307
890.215085445
7.92482898354
148.496826225
65.7933224658
642.807311728
47.508101621
242.012826479
34.3046928631
546.227721768
642.807311728
77.4263682681
40.370172586
335.160265094
2782.55940221
174.752840001
148.496826225
174.752840001
17.8864952906
2.98364724028
642.807311728
148.496826225
174.752840001
174.752840001
126.185688307
1450.8287785
148.496826225
394.420605944
4.13201240012
756.463327555
15.1991108295
3.51119173422
24.7707635599
91.1162756115
642.807311728
77.4263682681
174.752840001
29.1505306283
2.15443469003
9.32603346883
65.7933224658
335.160265094
148.496826225
642.807311728
394.420605944
65.7933224658
40.370172586
24.7707635599
107.226722201
29.1505306283
335.160265094
12.9154966501
284.803586844
126.185688307
10.9749876549
1707.35264747
890.215085445
642.807311728
242.012826479
464.158883361
0.35938136638
890.215085445
394.420605944
4.13201240012
21.0490414451
546.227721768
91.1162756115
24.7707635599
148.496826225
242.012826479
21.0490414451
890.215085445
394.420605944
642.807311728
464.158883361
21.0490414451
91.1162756115
335.160265094
55.9081018251
464.158883361
242.012826479
546.227721768
