12.9154966501
242.012826479
1.32194114847
642.807311728
17.8864952906
15.1991108295
148.496826225
34.3046928631
126.185688307
205.651230835
126.185688307
126.185688307
335.160265094
890.215085445
91.1162756115
0.0705480231072
55.9081018251
890.215085445
65.7933224658
464.158883361
546.227721768
394.420605944
890.215085445
1232.84673944
2.53536449397
284.803586844
65.7933224658
284.803586844
4.86260158007
546.227721768
174.752840001
29.1505306283
1707.35264747
65.7933224658
242.012826479
394.420605944
464.158883361
29.1505306283
107.226722201
546.227721768
15.1991108295
29.1505306283
394.420605944
205.651230835
17.8864952906
107.226722201
394.420605944
15.1991108295
2364.48941265
1232.84673944
148.496826225
1450.8287785
642.807311728
546.227721768
77.4263682681
2009.23300257
335.160265094
464.158883361
546.227721768
1232.84673944
77.4263682681
2782.55940221
1707.35264747
1450.8287785
642.807311728
126.185688307
394.420605944
1450.8287785
21.0490414451
34.3046928631
642.807311728
148.496826225
1232.84673944
546.227721768
546.227721768
91.1162756115
29.1505306283
284.803586844
242.012826479
1047.61575279
29.1505306283
1047.61575279
17.8864952906
284.803586844
174.752840001
148.496826225
284.803586844
148.496826225
205.651230835
107.226722201
126.185688307
107.226722201
1232.84673944
148.496826225
65.7933224658
126.185688307
55.9081018251
242.012826479
91.1162756115
107.226722201
335.160265094
24.7707635599
642.807311728
12.9154966501
546.227721768
756.463327555
394.420605944
205.651230835
148.496826225
756.463327555
107.226722201
174.752840001
642.807311728
107.226722201
148.496826225
464.158883361
546.227721768
55.9081018251
91.1162756115
394.420605944
174.752840001
29.1505306283
1450.8287785
335.160265094
642.807311728
284.803586844
148.496826225
77.4263682681
3.51119173422
1047.61575279
642.807311728
148.496826225
47.508101621
242.012826479
756.463327555
47.508101621
55.9081018251
642.807311728
394.420605944
65.7933224658
148.496826225
55.9081018251
148.496826225
174.752840001
464.158883361
174.752840001
65.7933224658
242.012826479
7.92482898354
107.226722201
242.012826479
1047.61575279
284.803586844
756.463327555
546.227721768
12.9154966501
464.158883361
174.752840001
284.803586844
1.8307382803
126.185688307
242.012826479
464.158883361
464.158883361
284.803586844
126.185688307
2.53536449397
40.370172586
2009.23300257
55.9081018251
91.1162756115
91.1162756115
756.463327555
205.651230835
205.651230835
205.651230835
174.752840001
148.496826225
17.8864952906
1047.61575279
29.1505306283
65.7933224658
126.185688307
7.92482898354
34.3046928631
284.803586844
34.3046928631
10.9749876549
91.1162756115
148.496826225
15.1991108295
34.3046928631
174.752840001
890.215085445
335.160265094
91.1162756115
464.158883361
29.1505306283
34.3046928631
890.215085445
242.012826479
40.370172586
335.160265094
65.7933224658
2.15443469003
24.7707635599
756.463327555
890.215085445
284.803586844
205.651230835
2364.48941265
890.215085445
284.803586844
284.803586844
77.4263682681
15.1991108295
284.803586844
65.7933224658
47.508101621
12.9154966501
464.158883361
55.9081018251
335.160265094
148.496826225
464.158883361
284.803586844
174.752840001
174.752840001
77.4263682681
394.420605944
47.508101621
242.012826479
3.51119173422
284.803586844
642.807311728
21.0490414451
24.7707635599
91.1162756115
335.160265094
40.370172586
335.160265094
65.7933224658
47.508101621
107.226722201
91.1162756115
2.53536449397
0.954548456662
4.13201240012
34.3046928631
242.012826479
205.651230835
12.9154966501
464.158883361
148.496826225
1047.61575279
2.53536449397
1232.84673944
642.807311728
756.463327555
148.496826225
0.497702356433
21.0490414451
890.215085445
284.803586844
284.803586844
242.012826479
242.012826479
55.9081018251
1707.35264747
17.8864952906
55.9081018251
5.72236765935
34.3046928631
335.160265094
242.012826479
546.227721768
394.420605944
174.752840001
55.9081018251
55.9081018251
546.227721768
34.3046928631
284.803586844
12.9154966501
107.226722201
890.215085445
6.73415065775
174.752840001
284.803586844
47.508101621
34.3046928631
107.226722201
394.420605944
205.651230835
394.420605944
91.1162756115
29.1505306283
284.803586844
1450.8287785
3274.54916288
394.420605944
642.807311728
890.215085445
464.158883361
890.215085445
55.9081018251
205.651230835
174.752840001
1232.84673944
890.215085445
174.752840001
34.3046928631
394.420605944
91.1162756115
55.9081018251
890.215085445
394.420605944
34.3046928631
91.1162756115
126.185688307
394.420605944
148.496826225
1707.35264747
205.651230835
284.803586844
642.807311728
65.7933224658
15.1991108295
284.803586844
335.160265094
0.0509413801482
546.227721768
1232.84673944
174.752840001
1047.61575279
107.226722201
1047.61575279
394.420605944
77.4263682681
47.508101621
29.1505306283
34.3046928631
55.9081018251
242.012826479
126.185688307
464.158883361
77.4263682681
1232.84673944
242.012826479
65.7933224658
91.1162756115
394.420605944
34.3046928631
242.012826479
77.4263682681
174.752840001
890.215085445
546.227721768
205.651230835
148.496826225
77.4263682681
2364.48941265
10.9749876549
77.4263682681
394.420605944
2009.23300257
12.9154966501
65.7933224658
756.463327555
47.508101621
65.7933224658
9.32603346883
1047.61575279
77.4263682681
126.185688307
47.508101621
12.9154966501
642.807311728
15.1991108295
284.803586844
91.1162756115
284.803586844
148.496826225
29.1505306283
148.496826225
91.1162756115
55.9081018251
546.227721768
91.1162756115
205.651230835
4.86260158007
464.158883361
5.72236765935
756.463327555
3.51119173422
284.803586844
1047.61575279
107.226722201
284.803586844
1047.61575279
642.807311728
1232.84673944
335.160265094
394.420605944
1707.35264747
642.807311728
10.9749876549
284.803586844
174.752840001
9.32603346883
242.012826479
107.226722201
55.9081018251
21.0490414451
9.32603346883
464.158883361
29.1505306283
394.420605944
205.651230835
126.185688307
126.185688307
65.7933224658
0.25950242114
148.496826225
40.370172586
464.158883361
284.803586844
546.227721768
756.463327555
107.226722201
756.463327555
394.420605944
107.226722201
1450.8287785
47.508101621
24.7707635599
55.9081018251
24.7707635599
642.807311728
91.1162756115
464.158883361
335.160265094
394.420605944
107.226722201
1707.35264747
642.807311728
2009.23300257
5336.69923121
242.012826479
642.807311728
394.420605944
107.226722201
1450.8287785
55.9081018251
1707.35264747
546.227721768
2.15443469003
21.0490414451
0.585702081806
756.463327555
335.160265094
2364.48941265
148.496826225
394.420605944
890.215085445
91.1162756115
174.752840001
65.7933224658
205.651230835
1707.35264747
756.463327555
174.752840001
4.86260158007
9.32603346883
77.4263682681
65.7933224658
3.51119173422
0.954548456662
15.1991108295
148.496826225
17.8864952906
126.185688307
4.13201240012
2.98364724028
126.185688307
464.158883361
91.1162756115
2009.23300257
17.8864952906
24.7707635599
335.160265094
242.012826479
55.9081018251
335.160265094
546.227721768
107.226722201
77.4263682681
1047.61575279
0.187381742286
335.160265094
2009.23300257
205.651230835
3274.54916288
464.158883361
174.752840001
335.160265094
642.807311728
174.752840001
91.1162756115
107.226722201
394.420605944
1.55567614393
464.158883361
242.012826479
546.227721768
148.496826225
47.508101621
284.803586844
9.32603346883
126.185688307
65.7933224658
335.160265094
756.463327555
126.185688307
546.227721768
91.1162756115
890.215085445
5.72236765935
284.803586844
55.9081018251
642.807311728
242.012826479
174.752840001
546.227721768
7.92482898354
1232.84673944
47.508101621
10.9749876549
756.463327555
242.012826479
890.215085445
126.185688307
284.803586844
1232.84673944
55.9081018251
24.7707635599
205.651230835
284.803586844
34.3046928631
24.7707635599
394.420605944
6.73415065775
77.4263682681
148.496826225
77.4263682681
47.508101621
126.185688307
1.8307382803
21.0490414451
242.012826479
464.158883361
205.651230835
394.420605944
174.752840001
91.1162756115
284.803586844
546.227721768
9.32603346883
242.012826479
9.32603346883
148.496826225
1047.61575279
107.226722201
335.160265094
126.185688307
148.496826225
148.496826225
15.1991108295
546.227721768
642.807311728
15.1991108295
126.185688307
21.0490414451
5.72236765935
1047.61575279
55.9081018251
148.496826225
205.651230835
642.807311728
546.227721768
15.1991108295
65.7933224658
284.803586844
29.1505306283
2009.23300257
174.752840001
148.496826225
77.4263682681
4.86260158007
335.160265094
148.496826225
24.7707635599
2009.23300257
756.463327555
642.807311728
107.226722201
24.7707635599
394.420605944
642.807311728
546.227721768
126.185688307
242.012826479
0.689261210435
284.803586844
47.508101621
40.370172586
756.463327555
205.651230835
21.0490414451
107.226722201
65.7933224658
174.752840001
242.012826479
642.807311728
335.160265094
77.4263682681
107.226722201
107.226722201
91.1162756115
2.15443469003
890.215085445
242.012826479
1047.61575279
464.158883361
335.160265094
335.160265094
0.35938136638
10.9749876549
148.496826225
10.9749876549
242.012826479
642.807311728
34.3046928631
464.158883361
756.463327555
148.496826225
4.13201240012
335.160265094
0.497702356433
284.803586844
1047.61575279
546.227721768
335.160265094
40.370172586
642.807311728
464.158883361
126.185688307
756.463327555
91.1162756115
107.226722201
284.803586844
890.215085445
107.226722201
394.420605944
335.160265094
77.4263682681
284.803586844
205.651230835
242.012826479
77.4263682681
284.803586844
394.420605944
47.508101621
4.13201240012
174.752840001
335.160265094
29.1505306283
29.1505306283
546.227721768
2364.48941265
1450.8287785
148.496826225
394.420605944
107.226722201
394.420605944
464.158883361
642.807311728
546.227721768
890.215085445
0.11497569954
394.420605944
756.463327555
242.012826479
546.227721768
464.158883361
464.158883361
546.227721768
65.7933224658
394.420605944
2.15443469003
394.420605944
1232.84673944
126.185688307
464.158883361
1232.84673944
205.651230835
77.4263682681
55.9081018251
3853.52859371
34.3046928631
91.1162756115
546.227721768
890.215085445
47.508101621
126.185688307
126.185688307
47.508101621
1450.8287785
546.227721768
126.185688307
890.215085445
1232.84673944
91.1162756115
47.508101621
756.463327555
464.158883361
394.420605944
148.496826225
205.651230835
65.7933224658
546.227721768
205.651230835
40.370172586
642.807311728
55.9081018251
77.4263682681
1047.61575279
65.7933224658
107.226722201
65.7933224658
91.1162756115
4.86260158007
29.1505306283
29.1505306283
394.420605944
17.8864952906
205.651230835
55.9081018251
107.226722201
29.1505306283
174.752840001
29.1505306283
107.226722201
284.803586844
890.215085445
15.1991108295
0.22051307399
17.8864952906
34.3046928631
107.226722201
10.9749876549
1047.61575279
1232.84673944
642.807311728
0.497702356433
1707.35264747
65.7933224658
546.227721768
174.752840001
394.420605944
394.420605944
1.32194114847
1232.84673944
148.496826225
91.1162756115
5.72236765935
1047.61575279
890.215085445
205.651230835
242.012826479
47.508101621
24.7707635599
2364.48941265
10.9749876549
642.807311728
174.752840001
2364.48941265
284.803586844
91.1162756115
21.0490414451
756.463327555
17.8864952906
284.803586844
394.420605944
5.72236765935
77.4263682681
91.1162756115
756.463327555
174.752840001
10.9749876549
174.752840001
17.8864952906
756.463327555
284.803586844
91.1162756115
242.012826479
335.160265094
335.160265094
205.651230835
335.160265094
148.496826225
546.227721768
47.508101621
284.803586844
65.7933224658
1.32194114847
47.508101621
174.752840001
642.807311728
174.752840001
47.508101621
205.651230835
2009.23300257
17.8864952906
12.9154966501
464.158883361
24.7707635599
1047.61575279
464.158883361
47.508101621
242.012826479
77.4263682681
34.3046928631
40.370172586
91.1162756115
394.420605944
284.803586844
205.651230835
464.158883361
1.55567614393
1047.61575279
47.508101621
47.508101621
242.012826479
242.012826479
126.185688307
7.92482898354
642.807311728
148.496826225
34.3046928631
756.463327555
77.4263682681
6.73415065775
242.012826479
174.752840001
756.463327555
34.3046928631
205.651230835
15.1991108295
642.807311728
394.420605944
126.185688307
756.463327555
546.227721768
77.4263682681
1232.84673944
0.81113083079
148.496826225
335.160265094
77.4263682681
205.651230835
55.9081018251
2364.48941265
65.7933224658
148.496826225
1047.61575279
546.227721768
242.012826479
1232.84673944
2009.23300257
55.9081018251
335.160265094
6.73415065775
642.807311728
642.807311728
335.160265094
1450.8287785
174.752840001
77.4263682681
242.012826479
205.651230835
17.8864952906
464.158883361
335.160265094
47.508101621
1.32194114847
6280.29144183
29.1505306283
9.32603346883
55.9081018251
1047.61575279
55.9081018251
10.9749876549
174.752840001
24.7707635599
242.012826479
756.463327555
3274.54916288
394.420605944
890.215085445
3.51119173422
546.227721768
284.803586844
464.158883361
394.420605944
756.463327555
242.012826479
91.1162756115
148.496826225
2009.23300257
1450.8287785
174.752840001
91.1162756115
1047.61575279
1450.8287785
464.158883361
546.227721768
4.13201240012
107.226722201
40.370172586
24.7707635599
284.803586844
65.7933224658
3.51119173422
174.752840001
65.7933224658
242.012826479
284.803586844
174.752840001
107.226722201
284.803586844
91.1162756115
335.160265094
1450.8287785
107.226722201
47.508101621
394.420605944
107.226722201
890.215085445
1232.84673944
284.803586844
0.135304777458
0.25950242114
394.420605944
1047.61575279
40.370172586
0.954548456662
21.0490414451
2364.48941265
3274.54916288
242.012826479
394.420605944
394.420605944
242.012826479
464.158883361
24.7707635599
107.226722201
3853.52859371
242.012826479
0.35938136638
242.012826479
335.160265094
1232.84673944
21.0490414451
91.1162756115
77.4263682681
394.420605944
65.7933224658
126.185688307
148.496826225
174.752840001
1232.84673944
24.7707635599
642.807311728
242.012826479
107.226722201
464.158883361
174.752840001
205.651230835
205.651230835
91.1162756115
546.227721768
546.227721768
148.496826225
756.463327555
9.32603346883
34.3046928631
242.012826479
284.803586844
242.012826479
