4.86260158007
91.1162756115
174.752840001
17.8864952906
642.807311728
91.1162756115
546.227721768
91.1162756115
0.585702081806
394.420605944
5.72236765935
546.227721768
335.160265094
284.803586844
242.012826479
546.227721768
1.55567614393
642.807311728
1232.84673944
1047.61575279
174.752840001
47.508101621
34.3046928631
242.012826479
2782.55940221
174.752840001
464.158883361
1047.61575279
10.9749876549
65.7933224658
29.1505306283
3.51119173422
77.4263682681
126.185688307
756.463327555
546.227721768
4.86260158007
335.160265094
284.803586844
464.158883361
65.7933224658
107.226722201
107.226722201
1047.61575279
47.508101621
284.803586844
9.32603346883
242.012826479
464.158883361
10.9749876549
284.803586844
1232.84673944
148.496826225
205.651230835
174.752840001
756.463327555
242.012826479
1047.61575279
47.508101621
65.7933224658
242.012826479
107.226722201
756.463327555
24.7707635599
77.4263682681
24.7707635599
126.185688307
642.807311728
890.215085445
91.1162756115
55.9081018251
148.496826225
205.651230835
335.160265094
1450.8287785
335.160265094
205.651230835
17.8864952906
284.803586844
65.7933224658
394.420605944
394.420605944
1450.8287785
335.160265094
55.9081018251
107.226722201
55.9081018251
10.9749876549
107.226722201
12.9154966501
1047.61575279
148.496826225
47.508101621
3.51119173422
642.807311728
546.227721768
0.11497569954
77.4263682681
2.15443469003
107.226722201
1047.61575279
34.3046928631
107.226722201
55.9081018251
24.7707635599
284.803586844
9.32603346883
1047.61575279
107.226722201
148.496826225
335.160265094
65.7933224658
890.215085445
126.185688307
55.9081018251
55.9081018251
2782.55940221
55.9081018251
242.012826479
546.227721768
107.226722201
107.226722201
107.226722201
6.73415065775
464.158883361
464.158883361
29.1505306283
24.7707635599
335.160265094
174.752840001
55.9081018251
0.689261210435
40.370172586
10.9749876549
126.185688307
284.803586844
47.508101621
546.227721768
642.807311728
2.53536449397
2782.55940221
4.13201240012
335.160265094
21.0490414451
642.807311728
642.807311728
335.160265094
205.651230835
174.752840001
890.215085445
546.227721768
205.651230835
642.807311728
91.1162756115
126.185688307
126.185688307
107.226722201
15.1991108295
126.185688307
148.496826225
10.9749876549
55.9081018251
65.7933224658
464.158883361
1047.61575279
148.496826225
642.807311728
6.73415065775
91.1162756115
335.160265094
55.9081018251
242.012826479
17.8864952906
91.1162756115
174.752840001
284.803586844
642.807311728
335.160265094
1.12332403298
464.158883361
1.12332403298
642.807311728
91.1162756115
174.752840001
40.370172586
12.9154966501
21.0490414451
91.1162756115
242.012826479
205.651230835
148.496826225
55.9081018251
10.9749876549
24.7707635599
148.496826225
9.32603346883
10.9749876549
12.9154966501
464.158883361
205.651230835
890.215085445
890.215085445
65.7933224658
205.651230835
40.370172586
242.012826479
65.7933224658
546.227721768
1707.35264747
148.496826225
91.1162756115
65.7933224658
34.3046928631
642.807311728
2009.23300257
126.185688307
15.1991108295
107.226722201
91.1162756115
205.651230835
29.1505306283
65.7933224658
126.185688307
242.012826479
91.1162756115
1450.8287785
65.7933224658
47.508101621
284.803586844
1707.35264747
126.185688307
47.508101621
642.807311728
77.4263682681
91.1162756115
29.1505306283
34.3046928631
91.1162756115
107.226722201
890.215085445
335.160265094
464.158883361
284.803586844
148.496826225
65.7933224658
40.370172586
5336.69923121
4.86260158007
29.1505306283
107.226722201
756.463327555
107.226722201
6.73415065775
29.1505306283
148.496826225
546.227721768
394.420605944
4.86260158007
126.185688307
890.215085445
17.8864952906
126.185688307
1047.61575279
890.215085445
464.158883361
205.651230835
6.73415065775
6.73415065775
3.51119173422
1047.61575279
756.463327555
107.226722201
2.15443469003
91.1162756115
1450.8287785
205.651230835
107.226722201
205.651230835
34.3046928631
335.160265094
40.370172586
148.496826225
174.752840001
2.15443469003
29.1505306283
29.1505306283
47.508101621
174.752840001
17.8864952906
464.158883361
242.012826479
174.752840001
3274.54916288
1450.8287785
126.185688307
756.463327555
126.185688307
29.1505306283
77.4263682681
756.463327555
65.7933224658
642.807311728
29.1505306283
3274.54916288
40.370172586
65.7933224658
1450.8287785
4534.87850813
91.1162756115
6.73415065775
107.226722201
65.7933224658
546.227721768
335.160265094
205.651230835
205.651230835
890.215085445
40.370172586
0.0367837977183
126.185688307
242.012826479
34.3046928631
2.98364724028
1047.61575279
174.752840001
148.496826225
21.0490414451
242.012826479
40.370172586
394.420605944
1.8307382803
242.012826479
1.55567614393
394.420605944
890.215085445
148.496826225
1707.35264747
0.135304777458
77.4263682681
464.158883361
65.7933224658
1047.61575279
284.803586844
284.803586844
174.752840001
284.803586844
77.4263682681
756.463327555
642.807311728
148.496826225
148.496826225
394.420605944
205.651230835
464.158883361
242.012826479
642.807311728
10.9749876549
47.508101621
890.215085445
91.1162756115
7.92482898354
642.807311728
242.012826479
126.185688307
546.227721768
1232.84673944
34.3046928631
77.4263682681
174.752840001
7.92482898354
34.3046928631
148.496826225
756.463327555
642.807311728
40.370172586
242.012826479
642.807311728
174.752840001
6.73415065775
642.807311728
148.496826225
464.158883361
17.8864952906
126.185688307
464.158883361
24.7707635599
9.32603346883
3.51119173422
1232.84673944
40.370172586
47.508101621
335.160265094
1450.8287785
91.1162756115
642.807311728
242.012826479
394.420605944
394.420605944
1450.8287785
464.158883361
126.185688307
91.1162756115
284.803586844
205.651230835
1047.61575279
890.215085445
394.420605944
65.7933224658
4.13201240012
335.160265094
335.160265094
40.370172586
24.7707635599
174.752840001
91.1162756115
284.803586844
29.1505306283
2782.55940221
205.651230835
77.4263682681
284.803586844
148.496826225
77.4263682681
464.158883361
34.3046928631
546.227721768
126.185688307
40.370172586
1232.84673944
284.803586844
17.8864952906
1707.35264747
77.4263682681
17.8864952906
4.13201240012
335.160265094
464.158883361
546.227721768
126.185688307
77.4263682681
335.160265094
242.012826479
126.185688307
642.807311728
242.012826479
1232.84673944
756.463327555
394.420605944
890.215085445
126.185688307
205.651230835
29.1505306283
642.807311728
47.508101621
34.3046928631
546.227721768
4.13201240012
205.651230835
242.012826479
65.7933224658
890.215085445
242.012826479
1232.84673944
55.9081018251
546.227721768
29.1505306283
284.803586844
242.012826479
174.752840001
2009.23300257
21.0490414451
242.012826479
546.227721768
3274.54916288
642.807311728
1450.8287785
335.160265094
65.7933224658
65.7933224658
55.9081018251
107.226722201
29.1505306283
546.227721768
2364.48941265
24.7707635599
12.9154966501
126.185688307
65.7933224658
242.012826479
148.496826225
65.7933224658
91.1162756115
29.1505306283
174.752840001
0.11497569954
335.160265094
335.160265094
10.9749876549
642.807311728
205.651230835
21.0490414451
174.752840001
148.496826225
546.227721768
40.370172586
10.9749876549
284.803586844
242.012826479
546.227721768
91.1162756115
546.227721768
107.226722201
284.803586844
756.463327555
29.1505306283
107.226722201
546.227721768
642.807311728
77.4263682681
24.7707635599
24.7707635599
29.1505306283
55.9081018251
284.803586844
1047.61575279
1450.8287785
24.7707635599
1047.61575279
55.9081018251
15.1991108295
126.185688307
890.215085445
890.215085445
24.7707635599
77.4263682681
174.752840001
205.651230835
1450.8287785
1707.35264747
1707.35264747
174.752840001
91.1162756115
394.420605944
174.752840001
394.420605944
10.9749876549
335.160265094
107.226722201
148.496826225
1707.35264747
3274.54916288
174.752840001
17.8864952906
205.651230835
205.651230835
205.651230835
55.9081018251
47.508101621
284.803586844
15.1991108295
546.227721768
1047.61575279
174.752840001
126.185688307
546.227721768
91.1162756115
107.226722201
0.187381742286
1047.61575279
4.13201240012
174.752840001
40.370172586
15.1991108295
29.1505306283
65.7933224658
107.226722201
890.215085445
394.420605944
34.3046928631
55.9081018251
890.215085445
546.227721768
174.752840001
642.807311728
24.7707635599
335.160265094
107.226722201
242.012826479
107.226722201
12.9154966501
148.496826225
17.8864952906
642.807311728
335.160265094
335.160265094
10.9749876549
284.803586844
55.9081018251
17.8864952906
34.3046928631
77.4263682681
464.158883361
29.1505306283
91.1162756115
546.227721768
464.158883361
34.3046928631
65.7933224658
546.227721768
394.420605944
242.012826479
17.8864952906
2009.23300257
55.9081018251
3.51119173422
5.72236765935
55.9081018251
1232.84673944
12.9154966501
126.185688307
91.1162756115
394.420605944
394.420605944
126.185688307
148.496826225
55.9081018251
4.86260158007
126.185688307
10.9749876549
642.807311728
174.752840001
642.807311728
205.651230835
394.420605944
546.227721768
24.7707635599
394.420605944
3.51119173422
546.227721768
546.227721768
174.752840001
47.508101621
148.496826225
1232.84673944
65.7933224658
1450.8287785
29.1505306283
148.496826225
546.227721768
65.7933224658
91.1162756115
335.160265094
148.496826225
3274.54916288
126.185688307
21.0490414451
394.420605944
34.3046928631
3.51119173422
642.807311728
335.160265094
34.3046928631
284.803586844
6.73415065775
24.7707635599
464.158883361
890.215085445
756.463327555
242.012826479
65.7933224658
1707.35264747
126.185688307
107.226722201
10.9749876549
756.463327555
284.803586844
242.012826479
91.1162756115
174.752840001
40.370172586
242.012826479
464.158883361
205.651230835
47.508101621
65.7933224658
756.463327555
55.9081018251
1047.61575279
7.92482898354
77.4263682681
464.158883361
126.185688307
17.8864952906
21.0490414451
756.463327555
205.651230835
55.9081018251
0.35938136638
91.1162756115
4.86260158007
126.185688307
546.227721768
77.4263682681
242.012826479
335.160265094
47.508101621
1707.35264747
890.215085445
205.651230835
15.1991108295
464.158883361
77.4263682681
77.4263682681
77.4263682681
464.158883361
40.370172586
40.370172586
148.496826225
174.752840001
205.651230835
174.752840001
394.420605944
546.227721768
47.508101621
65.7933224658
107.226722201
29.1505306283
756.463327555
47.508101621
47.508101621
91.1162756115
205.651230835
126.185688307
464.158883361
756.463327555
464.158883361
2782.55940221
21.0490414451
174.752840001
1232.84673944
77.4263682681
1707.35264747
9.32603346883
335.160265094
148.496826225
284.803586844
1707.35264747
335.160265094
205.651230835
6.73415065775
394.420605944
10.9749876549
24.7707635599
40.370172586
148.496826225
242.012826479
546.227721768
2364.48941265
40.370172586
890.215085445
205.651230835
107.226722201
174.752840001
284.803586844
335.160265094
242.012826479
546.227721768
546.227721768
4.86260158007
77.4263682681
174.752840001
40.370172586
2364.48941265
126.185688307
546.227721768
55.9081018251
148.496826225
17.8864952906
15.1991108295
1707.35264747
2364.48941265
642.807311728
284.803586844
77.4263682681
642.807311728
65.7933224658
3.51119173422
1232.84673944
91.1162756115
242.012826479
107.226722201
12.9154966501
1047.61575279
284.803586844
65.7933224658
464.158883361
284.803586844
335.160265094
126.185688307
335.160265094
55.9081018251
7.92482898354
126.185688307
1047.61575279
890.215085445
756.463327555
284.803586844
9.32603346883
335.160265094
107.226722201
205.651230835
47.508101621
17.8864952906
15.1991108295
642.807311728
34.3046928631
464.158883361
284.803586844
148.496826225
394.420605944
148.496826225
335.160265094
642.807311728
242.012826479
464.158883361
24.7707635599
464.158883361
205.651230835
174.752840001
10.9749876549
107.226722201
126.185688307
126.185688307
7.92482898354
1047.61575279
1232.84673944
10.9749876549
205.651230835
65.7933224658
1.8307382803
756.463327555
12.9154966501
91.1162756115
546.227721768
205.651230835
15.1991108295
756.463327555
47.508101621
335.160265094
47.508101621
0.0117681195243
148.496826225
464.158883361
174.752840001
4.13201240012
29.1505306283
394.420605944
205.651230835
107.226722201
0.954548456662
3274.54916288
546.227721768
284.803586844
65.7933224658
890.215085445
546.227721768
2.98364724028
284.803586844
29.1505306283
464.158883361
174.752840001
335.160265094
12.9154966501
242.012826479
335.160265094
107.226722201
242.012826479
9.32603346883
40.370172586
335.160265094
394.420605944
394.420605944
91.1162756115
1047.61575279
47.508101621
284.803586844
148.496826225
55.9081018251
91.1162756115
642.807311728
464.158883361
47.508101621
284.803586844
642.807311728
890.215085445
4.86260158007
890.215085445
1232.84673944
1047.61575279
2364.48941265
1047.61575279
174.752840001
756.463327555
91.1162756115
29.1505306283
12.9154966501
1047.61575279
174.752840001
55.9081018251
464.158883361
394.420605944
91.1162756115
205.651230835
242.012826479
1707.35264747
174.752840001
1047.61575279
756.463327555
24.7707635599
242.012826479
0.422924287439
10.9749876549
1232.84673944
242.012826479
756.463327555
0.22051307399
148.496826225
47.508101621
335.160265094
91.1162756115
21.0490414451
34.3046928631
642.807311728
34.3046928631
890.215085445
2.15443469003
2009.23300257
91.1162756115
15.1991108295
890.215085445
29.1505306283
9.32603346883
47.508101621
77.4263682681
126.185688307
1450.8287785
107.226722201
40.370172586
1.12332403298
1.12332403298
40.370172586
148.496826225
5.72236765935
10.9749876549
47.508101621
1232.84673944
107.226722201
29.1505306283
284.803586844
1450.8287785
890.215085445
335.160265094
890.215085445
335.160265094
17.8864952906
5336.69923121
91.1162756115
126.185688307
335.160265094
148.496826225
24.7707635599
2009.23300257
756.463327555
77.4263682681
77.4263682681
24.7707635599
126.185688307
394.420605944
2.15443469003
174.752840001
148.496826225
107.226722201
9.32603346883
21.0490414451
148.496826225
1707.35264747
284.803586844
34.3046928631
174.752840001
394.420605944
12.9154966501
174.752840001
5336.69923121
242.012826479
77.4263682681
464.158883361
242.012826479
77.4263682681
4.86260158007
10.9749876549
