17.8864952906
7.92482898354
1232.84673944
2782.55940221
1.55567614393
205.651230835
242.012826479
91.1162756115
1047.61575279
77.4263682681
464.158883361
2009.23300257
1232.84673944
40.370172586
24.7707635599
65.7933224658
55.9081018251
1.55567614393
7.92482898354
21.0490414451
464.158883361
284.803586844
2009.23300257
0.81113083079
47.508101621
24.7707635599
205.651230835
1047.61575279
65.7933224658
24.7707635599
205.651230835
890.215085445
126.185688307
174.752840001
107.226722201
77.4263682681
17.8864952906
1232.84673944
65.7933224658
1232.84673944
55.9081018251
205.651230835
91.1162756115
107.226722201
148.496826225
242.012826479
0.689261210435
546.227721768
77.4263682681
0.81113083079
2.15443469003
4.86260158007
1232.84673944
2364.48941265
148.496826225
15.1991108295
1.32194114847
17.8864952906
77.4263682681
55.9081018251
174.752840001
242.012826479
546.227721768
284.803586844
1707.35264747
9.32603346883
335.160265094
242.012826479
77.4263682681
242.012826479
335.160265094
47.508101621
17.8864952906
107.226722201
55.9081018251
174.752840001
12.9154966501
5.72236765935
205.651230835
107.226722201
1047.61575279
65.7933224658
546.227721768
9.32603346883
284.803586844
756.463327555
91.1162756115
756.463327555
335.160265094
335.160265094
1047.61575279
9.32603346883
174.752840001
284.803586844
1047.61575279
284.803586844
174.752840001
65.7933224658
107.226722201
464.158883361
55.9081018251
335.160265094
642.807311728
7.92482898354
242.012826479
464.158883361
284.803586844
642.807311728
1047.61575279
65.7933224658
34.3046928631
107.226722201
34.3046928631
464.158883361
7.92482898354
546.227721768
890.215085445
34.3046928631
394.420605944
394.420605944
34.3046928631
174.752840001
242.012826479
5.72236765935
394.420605944
242.012826479
148.496826225
40.370172586
126.185688307
205.651230835
2782.55940221
1.32194114847
24.7707635599
4.86260158007
65.7933224658
174.752840001
1707.35264747
24.7707635599
642.807311728
890.215085445
205.651230835
148.496826225
77.4263682681
284.803586844
24.7707635599
642.807311728
205.651230835
47.508101621
55.9081018251
107.226722201
55.9081018251
24.7707635599
205.651230835
126.185688307
7.92482898354
40.370172586
6.73415065775
107.226722201
4534.87850813
642.807311728
24.7707635599
47.508101621
91.1162756115
12.9154966501
205.651230835
91.1162756115
242.012826479
284.803586844
642.807311728
174.752840001
0.585702081806
464.158883361
205.651230835
21.0490414451
1047.61575279
21.0490414451
17.8864952906
1.32194114847
1450.8287785
126.185688307
40.370172586
148.496826225
205.651230835
1450.8287785
2782.55940221
21.0490414451
284.803586844
756.463327555
29.1505306283
335.160265094
642.807311728
464.158883361
4.86260158007
77.4263682681
394.420605944
642.807311728
0.689261210435
77.4263682681
29.1505306283
174.752840001
174.752840001
34.3046928631
242.012826479
394.420605944
0.689261210435
126.185688307
242.012826479
174.752840001
1450.8287785
1232.84673944
55.9081018251
77.4263682681
1707.35264747
77.4263682681
242.012826479
148.496826225
148.496826225
55.9081018251
335.160265094
107.226722201
40.370172586
174.752840001
546.227721768
242.012826479
1.8307382803
242.012826479
17.8864952906
546.227721768
890.215085445
642.807311728
9.32603346883
21.0490414451
546.227721768
546.227721768
47.508101621
7.92482898354
107.226722201
7.92482898354
1232.84673944
1047.61575279
1047.61575279
4.13201240012
17.8864952906
546.227721768
0.35938136638
6.73415065775
1047.61575279
174.752840001
7.92482898354
9.32603346883
756.463327555
394.420605944
642.807311728
890.215085445
91.1162756115
65.7933224658
34.3046928631
242.012826479
1.55567614393
40.370172586
335.160265094
174.752840001
91.1162756115
756.463327555
1707.35264747
242.012826479
464.158883361
4.86260158007
464.158883361
24.7707635599
464.158883361
0.954548456662
126.185688307
24.7707635599
1047.61575279
1707.35264747
642.807311728
546.227721768
1.32194114847
242.012826479
1047.61575279
148.496826225
15.1991108295
242.012826479
756.463327555
2.53536449397
205.651230835
55.9081018251
4.86260158007
394.420605944
1450.8287785
91.1162756115
126.185688307
21.0490414451
464.158883361
464.158883361
15.1991108295
1047.61575279
546.227721768
1232.84673944
9.32603346883
205.651230835
126.185688307
642.807311728
1232.84673944
642.807311728
0.305385550883
148.496826225
9.32603346883
47.508101621
24.7707635599
55.9081018251
335.160265094
7.92482898354
29.1505306283
284.803586844
15.1991108295
756.463327555
464.158883361
65.7933224658
7.92482898354
335.160265094
47.508101621
2009.23300257
242.012826479
464.158883361
148.496826225
34.3046928631
335.160265094
464.158883361
1450.8287785
1232.84673944
284.803586844
394.420605944
2364.48941265
546.227721768
17.8864952906
91.1162756115
335.160265094
284.803586844
642.807311728
394.420605944
464.158883361
12.9154966501
107.226722201
205.651230835
6.73415065775
29.1505306283
107.226722201
4.13201240012
890.215085445
284.803586844
12.9154966501
284.803586844
284.803586844
394.420605944
2364.48941265
890.215085445
3.51119173422
242.012826479
284.803586844
394.420605944
205.651230835
29.1505306283
34.3046928631
12.9154966501
77.4263682681
174.752840001
15.1991108295
174.752840001
148.496826225
17.8864952906
0.35938136638
174.752840001
284.803586844
29.1505306283
335.160265094
55.9081018251
65.7933224658
464.158883361
126.185688307
546.227721768
6.73415065775
2009.23300257
890.215085445
107.226722201
107.226722201
464.158883361
40.370172586
1232.84673944
284.803586844
642.807311728
242.012826479
2364.48941265
9.32603346883
1232.84673944
24.7707635599
126.185688307
335.160265094
126.185688307
7.92482898354
1.8307382803
77.4263682681
24.7707635599
17.8864952906
642.807311728
174.752840001
107.226722201
148.496826225
77.4263682681
890.215085445
24.7707635599
24.7707635599
2.53536449397
107.226722201
1450.8287785
77.4263682681
126.185688307
77.4263682681
335.160265094
77.4263682681
107.226722201
756.463327555
4.86260158007
1707.35264747
335.160265094
3.51119173422
242.012826479
24.7707635599
65.7933224658
642.807311728
642.807311728
126.185688307
174.752840001
335.160265094
65.7933224658
1232.84673944
2009.23300257
148.496826225
126.185688307
890.215085445
17.8864952906
107.226722201
174.752840001
205.651230835
756.463327555
284.803586844
21.0490414451
12.9154966501
148.496826225
55.9081018251
642.807311728
1232.84673944
4.86260158007
2782.55940221
40.370172586
3.51119173422
34.3046928631
55.9081018251
17.8864952906
335.160265094
174.752840001
546.227721768
205.651230835
335.160265094
464.158883361
2.53536449397
65.7933224658
34.3046928631
2782.55940221
47.508101621
642.807311728
34.3046928631
1450.8287785
1232.84673944
107.226722201
77.4263682681
148.496826225
148.496826225
335.160265094
91.1162756115
335.160265094
24.7707635599
65.7933224658
1232.84673944
148.496826225
174.752840001
40.370172586
756.463327555
756.463327555
394.420605944
890.215085445
335.160265094
15.1991108295
34.3046928631
242.012826479
284.803586844
642.807311728
174.752840001
34.3046928631
47.508101621
65.7933224658
174.752840001
77.4263682681
464.158883361
107.226722201
1047.61575279
464.158883361
242.012826479
174.752840001
335.160265094
9.32603346883
546.227721768
24.7707635599
546.227721768
1707.35264747
394.420605944
464.158883361
148.496826225
464.158883361
47.508101621
126.185688307
17.8864952906
394.420605944
107.226722201
148.496826225
40.370172586
34.3046928631
546.227721768
65.7933224658
40.370172586
5336.69923121
335.160265094
890.215085445
126.185688307
55.9081018251
12.9154966501
756.463327555
40.370172586
464.158883361
174.752840001
65.7933224658
464.158883361
642.807311728
174.752840001
2009.23300257
0.159228279334
205.651230835
284.803586844
335.160265094
642.807311728
17.8864952906
65.7933224658
91.1162756115
1232.84673944
284.803586844
335.160265094
174.752840001
55.9081018251
1047.61575279
1047.61575279
91.1162756115
546.227721768
0.11497569954
9.32603346883
21.0490414451
394.420605944
10.9749876549
1232.84673944
91.1162756115
47.508101621
642.807311728
1047.61575279
756.463327555
394.420605944
1047.61575279
24.7707635599
394.420605944
77.4263682681
40.370172586
4.13201240012
642.807311728
642.807311728
107.226722201
394.420605944
174.752840001
34.3046928631
284.803586844
34.3046928631
242.012826479
126.185688307
1450.8287785
756.463327555
242.012826479
148.496826225
2364.48941265
107.226722201
2.53536449397
148.496826225
1450.8287785
756.463327555
242.012826479
335.160265094
47.508101621
29.1505306283
148.496826225
1.55567614393
335.160265094
77.4263682681
107.226722201
55.9081018251
1232.84673944
242.012826479
126.185688307
21.0490414451
284.803586844
284.803586844
642.807311728
890.215085445
546.227721768
91.1162756115
0.497702356433
2.98364724028
2009.23300257
1047.61575279
148.496826225
29.1505306283
242.012826479
335.160265094
174.752840001
394.420605944
756.463327555
394.420605944
107.226722201
205.651230835
284.803586844
284.803586844
464.158883361
55.9081018251
1.55567614393
17.8864952906
242.012826479
7.92482898354
126.185688307
1047.61575279
2364.48941265
2364.48941265
91.1162756115
6.73415065775
546.227721768
335.160265094
205.651230835
21.0490414451
546.227721768
12.9154966501
65.7933224658
17.8864952906
546.227721768
1232.84673944
394.420605944
394.420605944
77.4263682681
91.1162756115
1047.61575279
546.227721768
1232.84673944
174.752840001
174.752840001
242.012826479
15.1991108295
34.3046928631
335.160265094
394.420605944
335.160265094
65.7933224658
1047.61575279
642.807311728
1.55567614393
126.185688307
546.227721768
464.158883361
15.1991108295
335.160265094
242.012826479
546.227721768
77.4263682681
284.803586844
642.807311728
205.651230835
2364.48941265
335.160265094
55.9081018251
174.752840001
335.160265094
5.72236765935
205.651230835
890.215085445
12.9154966501
464.158883361
6.73415065775
148.496826225
205.651230835
174.752840001
5.72236765935
546.227721768
91.1162756115
107.226722201
756.463327555
21.0490414451
1.8307382803
642.807311728
91.1162756115
15.1991108295
7.92482898354
7.92482898354
205.651230835
335.160265094
1.12332403298
4.13201240012
107.226722201
91.1162756115
464.158883361
394.420605944
1232.84673944
205.651230835
6.73415065775
335.160265094
15.1991108295
394.420605944
205.651230835
546.227721768
1047.61575279
1232.84673944
174.752840001
40.370172586
756.463327555
77.4263682681
91.1162756115
91.1162756115
2.15443469003
15.1991108295
148.496826225
242.012826479
1047.61575279
756.463327555
15.1991108295
77.4263682681
1232.84673944
1232.84673944
126.185688307
174.752840001
1232.84673944
890.215085445
242.012826479
1047.61575279
1707.35264747
91.1162756115
174.752840001
205.651230835
394.420605944
1047.61575279
890.215085445
0.422924287439
284.803586844
107.226722201
148.496826225
34.3046928631
148.496826225
9.32603346883
148.496826225
91.1162756115
464.158883361
205.651230835
242.012826479
2782.55940221
335.160265094
284.803586844
756.463327555
756.463327555
10.9749876549
34.3046928631
126.185688307
335.160265094
47.508101621
126.185688307
242.012826479
55.9081018251
4.86260158007
642.807311728
464.158883361
1047.61575279
91.1162756115
91.1162756115
148.496826225
1047.61575279
394.420605944
335.160265094
464.158883361
335.160265094
284.803586844
55.9081018251
91.1162756115
335.160265094
335.160265094
65.7933224658
890.215085445
335.160265094
7.92482898354
174.752840001
546.227721768
4.86260158007
284.803586844
5.72236765935
335.160265094
148.496826225
29.1505306283
0.0509413801482
2009.23300257
2782.55940221
55.9081018251
91.1162756115
205.651230835
12.9154966501
126.185688307
107.226722201
335.160265094
0.0977009957299
756.463327555
284.803586844
756.463327555
47.508101621
65.7933224658
284.803586844
77.4263682681
77.4263682681
1047.61575279
9.32603346883
284.803586844
21.0490414451
55.9081018251
242.012826479
12.9154966501
107.226722201
24.7707635599
394.420605944
4.86260158007
284.803586844
242.012826479
756.463327555
890.215085445
394.420605944
107.226722201
1047.61575279
40.370172586
91.1162756115
47.508101621
148.496826225
24.7707635599
126.185688307
242.012826479
284.803586844
464.158883361
24.7707635599
756.463327555
0.422924287439
1.8307382803
642.807311728
91.1162756115
464.158883361
2.53536449397
394.420605944
756.463327555
148.496826225
9.32603346883
394.420605944
890.215085445
3274.54916288
546.227721768
242.012826479
77.4263682681
2.15443469003
205.651230835
126.185688307
1232.84673944
205.651230835
2364.48941265
205.651230835
107.226722201
9.32603346883
546.227721768
642.807311728
4.13201240012
1047.61575279
464.158883361
890.215085445
7.92482898354
394.420605944
47.508101621
55.9081018251
174.752840001
10.9749876549
335.160265094
65.7933224658
1232.84673944
77.4263682681
284.803586844
1450.8287785
464.158883361
335.160265094
1450.8287785
0.689261210435
394.420605944
1047.61575279
284.803586844
205.651230835
205.651230835
394.420605944
335.160265094
126.185688307
91.1162756115
126.185688307
464.158883361
205.651230835
2364.48941265
1450.8287785
546.227721768
24.7707635599
107.226722201
1047.61575279
77.4263682681
242.012826479
126.185688307
2009.23300257
148.496826225
642.807311728
107.226722201
107.226722201
284.803586844
1232.84673944
1047.61575279
91.1162756115
335.160265094
205.651230835
2364.48941265
546.227721768
107.226722201
394.420605944
148.496826225
1707.35264747
284.803586844
242.012826479
148.496826225
126.185688307
2782.55940221
47.508101621
394.420605944
126.185688307
546.227721768
335.160265094
174.752840001
1232.84673944
148.496826225
107.226722201
148.496826225
205.651230835
40.370172586
34.3046928631
284.803586844
284.803586844
546.227721768
1450.8287785
6.73415065775
242.012826479
1.8307382803
335.160265094
1.32194114847
77.4263682681
642.807311728
47.508101621
148.496826225
394.420605944
29.1505306283
642.807311728
394.420605944
91.1162756115
148.496826225
2782.55940221
0.25950242114
2.53536449397
642.807311728
242.012826479
34.3046928631
242.012826479
464.158883361
0.159228279334
2364.48941265
205.651230835
148.496826225
6.73415065775
77.4263682681
