335.160265094
335.160265094
12.9154966501
15.1991108295
174.752840001
55.9081018251
2.15443469003
1232.84673944
4.86260158007
9.32603346883
394.420605944
174.752840001
148.496826225
642.807311728
47.508101621
464.158883361
7.92482898354
205.651230835
126.185688307
284.803586844
29.1505306283
21.0490414451
205.651230835
9.32603346883
0.159228279334
1232.84673944
335.160265094
756.463327555
148.496826225
7.92482898354
394.420605944
174.752840001
148.496826225
126.185688307
394.420605944
756.463327555
148.496826225
546.227721768
40.370172586
126.185688307
890.215085445
65.7933224658
205.651230835
148.496826225
242.012826479
126.185688307
4.13201240012
642.807311728
148.496826225
394.420605944
47.508101621
335.160265094
890.215085445
107.226722201
34.3046928631
284.803586844
40.370172586
77.4263682681
65.7933224658
1232.84673944
242.012826479
464.158883361
2009.23300257
91.1162756115
756.463327555
174.752840001
77.4263682681
174.752840001
174.752840001
34.3046928631
55.9081018251
335.160265094
91.1162756115
205.651230835
5.72236765935
242.012826479
17.8864952906
394.420605944
335.160265094
242.012826479
2009.23300257
205.651230835
284.803586844
40.370172586
126.185688307
40.370172586
205.651230835
1047.61575279
890.215085445
9.32603346883
284.803586844
394.420605944
65.7933224658
174.752840001
642.807311728
394.420605944
756.463327555
242.012826479
10.9749876549
2009.23300257
15.1991108295
10.9749876549
24.7707635599
47.508101621
40.370172586
126.185688307
642.807311728
284.803586844
12.9154966501
91.1162756115
21.0490414451
40.370172586
91.1162756115
1047.61575279
335.160265094
148.496826225
2.53536449397
242.012826479
65.7933224658
174.752840001
335.160265094
1450.8287785
890.215085445
1.12332403298
642.807311728
107.226722201
1232.84673944
40.370172586
29.1505306283
394.420605944
2009.23300257
890.215085445
284.803586844
91.1162756115
2.98364724028
2009.23300257
9.32603346883
126.185688307
3.51119173422
890.215085445
242.012826479
394.420605944
242.012826479
9.32603346883
394.420605944
55.9081018251
148.496826225
464.158883361
15.1991108295
107.226722201
126.185688307
242.012826479
29.1505306283
890.215085445
2009.23300257
0.81113083079
242.012826479
29.1505306283
464.158883361
1450.8287785
55.9081018251
126.185688307
1707.35264747
756.463327555
394.420605944
1707.35264747
40.370172586
107.226722201
205.651230835
546.227721768
126.185688307
2.15443469003
642.807311728
0.0138488637139
77.4263682681
40.370172586
284.803586844
24.7707635599
756.463327555
4.86260158007
284.803586844
642.807311728
284.803586844
91.1162756115
3.51119173422
242.012826479
107.226722201
1232.84673944
40.370172586
546.227721768
107.226722201
2364.48941265
756.463327555
2.98364724028
148.496826225
55.9081018251
642.807311728
242.012826479
24.7707635599
464.158883361
2009.23300257
47.508101621
148.496826225
394.420605944
1450.8287785
2.53536449397
335.160265094
642.807311728
284.803586844
1707.35264747
148.496826225
29.1505306283
107.226722201
17.8864952906
205.651230835
394.420605944
126.185688307
21.0490414451
6.73415065775
77.4263682681
890.215085445
174.752840001
47.508101621
335.160265094
0.0977009957299
174.752840001
174.752840001
40.370172586
65.7933224658
91.1162756115
40.370172586
642.807311728
29.1505306283
77.4263682681
0.81113083079
174.752840001
40.370172586
126.185688307
1707.35264747
2009.23300257
12.9154966501
2782.55940221
2.53536449397
47.508101621
91.1162756115
15.1991108295
21.0490414451
174.752840001
126.185688307
242.012826479
65.7933224658
546.227721768
21.0490414451
284.803586844
148.496826225
756.463327555
107.226722201
47.508101621
107.226722201
4.86260158007
174.752840001
126.185688307
394.420605944
205.651230835
242.012826479
0.159228279334
34.3046928631
126.185688307
126.185688307
642.807311728
335.160265094
242.012826479
642.807311728
394.420605944
642.807311728
34.3046928631
756.463327555
242.012826479
1232.84673944
642.807311728
174.752840001
17.8864952906
756.463327555
107.226722201
2009.23300257
284.803586844
1232.84673944
7.92482898354
464.158883361
148.496826225
10.9749876549
5.72236765935
174.752840001
205.651230835
174.752840001
40.370172586
91.1162756115
40.370172586
174.752840001
65.7933224658
55.9081018251
174.752840001
40.370172586
335.160265094
464.158883361
1047.61575279
126.185688307
148.496826225
205.651230835
546.227721768
5.72236765935
174.752840001
29.1505306283
242.012826479
4.13201240012
107.226722201
126.185688307
546.227721768
77.4263682681
126.185688307
284.803586844
464.158883361
464.158883361
394.420605944
126.185688307
335.160265094
126.185688307
1.55567614393
1232.84673944
2782.55940221
890.215085445
29.1505306283
174.752840001
756.463327555
91.1162756115
174.752840001
77.4263682681
756.463327555
756.463327555
126.185688307
284.803586844
242.012826479
126.185688307
890.215085445
642.807311728
126.185688307
4.13201240012
890.215085445
464.158883361
756.463327555
24.7707635599
890.215085445
55.9081018251
55.9081018251
242.012826479
65.7933224658
91.1162756115
77.4263682681
2009.23300257
335.160265094
126.185688307
174.752840001
40.370172586
2364.48941265
1232.84673944
148.496826225
174.752840001
335.160265094
91.1162756115
55.9081018251
148.496826225
394.420605944
205.651230835
174.752840001
126.185688307
546.227721768
107.226722201
335.160265094
890.215085445
24.7707635599
91.1162756115
174.752840001
148.496826225
91.1162756115
107.226722201
242.012826479
642.807311728
91.1162756115
335.160265094
47.508101621
126.185688307
148.496826225
2364.48941265
642.807311728
15.1991108295
464.158883361
205.651230835
91.1162756115
126.185688307
394.420605944
107.226722201
29.1505306283
242.012826479
394.420605944
890.215085445
24.7707635599
546.227721768
242.012826479
394.420605944
242.012826479
107.226722201
65.7933224658
642.807311728
3.51119173422
17.8864952906
394.420605944
55.9081018251
0.497702356433
756.463327555
205.651230835
464.158883361
642.807311728
394.420605944
91.1162756115
5.72236765935
205.651230835
546.227721768
126.185688307
3.51119173422
242.012826479
148.496826225
2009.23300257
335.160265094
47.508101621
34.3046928631
107.226722201
242.012826479
40.370172586
29.1505306283
205.651230835
6.73415065775
3853.52859371
335.160265094
756.463327555
126.185688307
284.803586844
21.0490414451
284.803586844
0.187381742286
642.807311728
284.803586844
756.463327555
284.803586844
642.807311728
464.158883361
9.32603346883
464.158883361
65.7933224658
242.012826479
55.9081018251
148.496826225
47.508101621
34.3046928631
107.226722201
34.3046928631
546.227721768
546.227721768
1450.8287785
642.807311728
205.651230835
205.651230835
65.7933224658
242.012826479
284.803586844
6.73415065775
174.752840001
40.370172586
107.226722201
126.185688307
205.651230835
1047.61575279
126.185688307
77.4263682681
1.55567614393
55.9081018251
1047.61575279
1232.84673944
77.4263682681
890.215085445
5.72236765935
55.9081018251
3.51119173422
642.807311728
205.651230835
205.651230835
65.7933224658
21.0490414451
40.370172586
335.160265094
77.4263682681
126.185688307
40.370172586
756.463327555
107.226722201
40.370172586
242.012826479
1707.35264747
1232.84673944
394.420605944
148.496826225
284.803586844
205.651230835
4.13201240012
65.7933224658
47.508101621
284.803586844
29.1505306283
174.752840001
2009.23300257
394.420605944
126.185688307
65.7933224658
335.160265094
335.160265094
174.752840001
1047.61575279
24.7707635599
47.508101621
284.803586844
10.9749876549
1232.84673944
15.1991108295
756.463327555
47.508101621
174.752840001
546.227721768
126.185688307
642.807311728
126.185688307
126.185688307
242.012826479
91.1162756115
174.752840001
2009.23300257
1707.35264747
335.160265094
91.1162756115
1047.61575279
65.7933224658
242.012826479
40.370172586
205.651230835
284.803586844
284.803586844
394.420605944
40.370172586
335.160265094
29.1505306283
464.158883361
464.158883361
0.689261210435
15.1991108295
1232.84673944
17.8864952906
546.227721768
40.370172586
464.158883361
148.496826225
284.803586844
5.72236765935
205.651230835
284.803586844
47.508101621
17.8864952906
126.185688307
55.9081018251
17.8864952906
2009.23300257
65.7933224658
284.803586844
91.1162756115
12.9154966501
284.803586844
9.32603346883
174.752840001
148.496826225
0.0977009957299
546.227721768
5.72236765935
174.752840001
394.420605944
242.012826479
107.226722201
107.226722201
284.803586844
5.72236765935
464.158883361
77.4263682681
0.81113083079
15.1991108295
464.158883361
65.7933224658
1.8307382803
34.3046928631
0.497702356433
335.160265094
107.226722201
0.305385550883
0.422924287439
1232.84673944
642.807311728
34.3046928631
15.1991108295
29.1505306283
91.1162756115
29.1505306283
1232.84673944
1707.35264747
4.86260158007
77.4263682681
756.463327555
1047.61575279
464.158883361
756.463327555
756.463327555
464.158883361
464.158883361
15.1991108295
335.160265094
148.496826225
55.9081018251
1707.35264747
890.215085445
890.215085445
34.3046928631
0.954548456662
12.9154966501
335.160265094
107.226722201
1450.8287785
91.1162756115
126.185688307
890.215085445
21.0490414451
47.508101621
242.012826479
394.420605944
4.86260158007
1232.84673944
1232.84673944
148.496826225
174.752840001
242.012826479
34.3046928631
10.9749876549
126.185688307
126.185688307
394.420605944
394.420605944
335.160265094
9.32603346883
205.651230835
284.803586844
756.463327555
284.803586844
1707.35264747
126.185688307
148.496826225
335.160265094
394.420605944
65.7933224658
107.226722201
0.81113083079
242.012826479
394.420605944
24.7707635599
148.496826225
394.420605944
65.7933224658
1047.61575279
9.32603346883
148.496826225
464.158883361
1047.61575279
148.496826225
1.8307382803
6.73415065775
6.73415065775
890.215085445
17.8864952906
205.651230835
174.752840001
1047.61575279
9.32603346883
0.0977009957299
394.420605944
29.1505306283
4.13201240012
1047.61575279
394.420605944
0.305385550883
148.496826225
335.160265094
65.7933224658
464.158883361
107.226722201
174.752840001
464.158883361
148.496826225
1.55567614393
756.463327555
174.752840001
148.496826225
10.9749876549
546.227721768
7.92482898354
174.752840001
464.158883361
1707.35264747
284.803586844
148.496826225
15.1991108295
17.8864952906
642.807311728
890.215085445
335.160265094
464.158883361
34.3046928631
394.420605944
0.0265608778295
756.463327555
55.9081018251
756.463327555
55.9081018251
242.012826479
394.420605944
107.226722201
107.226722201
17.8864952906
642.807311728
91.1162756115
756.463327555
34.3046928631
55.9081018251
464.158883361
47.508101621
55.9081018251
91.1162756115
2364.48941265
24.7707635599
65.7933224658
55.9081018251
642.807311728
148.496826225
2.53536449397
65.7933224658
242.012826479
148.496826225
174.752840001
464.158883361
0.81113083079
174.752840001
242.012826479
335.160265094
335.160265094
148.496826225
65.7933224658
6.73415065775
242.012826479
2009.23300257
756.463327555
24.7707635599
642.807311728
1450.8287785
6.73415065775
394.420605944
65.7933224658
1707.35264747
1.8307382803
6.73415065775
284.803586844
34.3046928631
21.0490414451
6.73415065775
1707.35264747
1.55567614393
24.7707635599
40.370172586
55.9081018251
242.012826479
2364.48941265
47.508101621
91.1162756115
546.227721768
1232.84673944
4.86260158007
0.25950242114
126.185688307
1047.61575279
0.187381742286
15.1991108295
642.807311728
65.7933224658
29.1505306283
464.158883361
148.496826225
10.9749876549
335.160265094
546.227721768
546.227721768
464.158883361
756.463327555
126.185688307
65.7933224658
6.73415065775
148.496826225
335.160265094
1047.61575279
546.227721768
1047.61575279
2.15443469003
335.160265094
29.1505306283
12.9154966501
24.7707635599
205.651230835
1.8307382803
394.420605944
107.226722201
284.803586844
55.9081018251
107.226722201
77.4263682681
335.160265094
107.226722201
756.463327555
21.0490414451
642.807311728
284.803586844
3853.52859371
464.158883361
2.53536449397
40.370172586
242.012826479
335.160265094
91.1162756115
546.227721768
65.7933224658
394.420605944
756.463327555
642.807311728
394.420605944
756.463327555
55.9081018251
148.496826225
546.227721768
17.8864952906
126.185688307
148.496826225
205.651230835
10.9749876549
126.185688307
91.1162756115
47.508101621
1232.84673944
756.463327555
2.53536449397
24.7707635599
2.53536449397
284.803586844
890.215085445
47.508101621
6.73415065775
148.496826225
6.73415065775
91.1162756115
91.1162756115
24.7707635599
335.160265094
126.185688307
9.32603346883
7.92482898354
3.51119173422
17.8864952906
546.227721768
55.9081018251
284.803586844
126.185688307
77.4263682681
17.8864952906
24.7707635599
464.158883361
4.86260158007
890.215085445
126.185688307
1450.8287785
148.496826225
242.012826479
12.9154966501
205.651230835
7.92482898354
107.226722201
642.807311728
148.496826225
55.9081018251
335.160265094
335.160265094
756.463327555
77.4263682681
107.226722201
1047.61575279
205.651230835
174.752840001
394.420605944
126.185688307
1450.8287785
77.4263682681
40.370172586
3853.52859371
107.226722201
1450.8287785
464.158883361
335.160265094
642.807311728
3.51119173422
464.158883361
91.1162756115
65.7933224658
29.1505306283
242.012826479
242.012826479
642.807311728
5.72236765935
17.8864952906
107.226722201
29.1505306283
174.752840001
126.185688307
34.3046928631
12.9154966501
34.3046928631
148.496826225
242.012826479
21.0490414451
1232.84673944
756.463327555
242.012826479
335.160265094
642.807311728
107.226722201
65.7933224658
91.1162756115
546.227721768
65.7933224658
242.012826479
174.752840001
1707.35264747
464.158883361
1047.61575279
9.32603346883
47.508101621
284.803586844
77.4263682681
126.185688307
242.012826479
65.7933224658
3.51119173422
284.803586844
24.7707635599
335.160265094
2009.23300257
284.803586844
890.215085445
7.92482898354
1.8307382803
642.807311728
107.226722201
205.651230835
394.420605944
29.1505306283
890.215085445
335.160265094
464.158883361
464.158883361
242.012826479
2364.48941265
242.012826479
464.158883361
335.160265094
107.226722201
55.9081018251
9.32603346883
335.160265094
1047.61575279
21.0490414451
1.12332403298
126.185688307
24.7707635599
55.9081018251
91.1162756115
