546.227721768
642.807311728
126.185688307
756.463327555
12.9154966501
464.158883361
148.496826225
148.496826225
546.227721768
17.8864952906
6.73415065775
91.1162756115
284.803586844
335.160265094
546.227721768
546.227721768
7.92482898354
335.160265094
394.420605944
335.160265094
107.226722201
1047.61575279
7.92482898354
91.1162756115
1707.35264747
394.420605944
34.3046928631
1047.61575279
12.9154966501
242.012826479
394.420605944
7.92482898354
546.227721768
6.73415065775
174.752840001
335.160265094
65.7933224658
126.185688307
284.803586844
205.651230835
148.496826225
21.0490414451
394.420605944
242.012826479
394.420605944
10.9749876549
1.8307382803
55.9081018251
126.185688307
284.803586844
242.012826479
642.807311728
1047.61575279
107.226722201
107.226722201
242.012826479
546.227721768
65.7933224658
335.160265094
126.185688307
126.185688307
242.012826479
335.160265094
242.012826479
107.226722201
107.226722201
546.227721768
10.9749876549
24.7707635599
284.803586844
394.420605944
205.651230835
174.752840001
394.420605944
65.7933224658
12.9154966501
15.1991108295
24.7707635599
17.8864952906
394.420605944
335.160265094
107.226722201
205.651230835
1707.35264747
1232.84673944
394.420605944
394.420605944
21.0490414451
464.158883361
21.0490414451
205.651230835
464.158883361
394.420605944
7.92482898354
91.1162756115
546.227721768
1047.61575279
21.0490414451
205.651230835
642.807311728
126.185688307
107.226722201
242.012826479
10.9749876549
205.651230835
29.1505306283
394.420605944
47.508101621
47.508101621
2364.48941265
12.9154966501
77.4263682681
1450.8287785
15.1991108295
756.463327555
1.55567614393
148.496826225
890.215085445
47.508101621
284.803586844
546.227721768
24.7707635599
34.3046928631
205.651230835
546.227721768
55.9081018251
1450.8287785
1707.35264747
756.463327555
242.012826479
77.4263682681
335.160265094
17.8864952906
3.51119173422
642.807311728
464.158883361
642.807311728
464.158883361
148.496826225
7.92482898354
65.7933224658
335.160265094
34.3046928631
205.651230835
107.226722201
242.012826479
546.227721768
148.496826225
17.8864952906
642.807311728
148.496826225
335.160265094
126.185688307
2782.55940221
1047.61575279
148.496826225
91.1162756115
1.12332403298
3853.52859371
284.803586844
205.651230835
107.226722201
34.3046928631
205.651230835
126.185688307
107.226722201
34.3046928631
47.508101621
242.012826479
77.4263682681
284.803586844
1707.35264747
464.158883361
126.185688307
394.420605944
174.752840001
126.185688307
2.15443469003
394.420605944
642.807311728
34.3046928631
890.215085445
174.752840001
107.226722201
284.803586844
77.4263682681
1232.84673944
47.508101621
394.420605944
5.72236765935
126.185688307
205.651230835
77.4263682681
174.752840001
47.508101621
3.51119173422
55.9081018251
546.227721768
242.012826479
174.752840001
394.420605944
29.1505306283
335.160265094
546.227721768
464.158883361
335.160265094
5.72236765935
21.0490414451
77.4263682681
9.32603346883
284.803586844
107.226722201
1232.84673944
642.807311728
47.508101621
17.8864952906
642.807311728
1707.35264747
29.1505306283
107.226722201
335.160265094
335.160265094
642.807311728
9.32603346883
0.11497569954
126.185688307
77.4263682681
29.1505306283
394.420605944
284.803586844
756.463327555
24.7707635599
7.92482898354
40.370172586
17.8864952906
394.420605944
77.4263682681
107.226722201
65.7933224658
34.3046928631
47.508101621
284.803586844
29.1505306283
77.4263682681
29.1505306283
642.807311728
394.420605944
1232.84673944
394.420605944
394.420605944
1450.8287785
642.807311728
126.185688307
1707.35264747
55.9081018251
756.463327555
394.420605944
174.752840001
1232.84673944
1047.61575279
1450.8287785
756.463327555
546.227721768
55.9081018251
1.32194114847
242.012826479
91.1162756115
335.160265094
126.185688307
34.3046928631
15.1991108295
24.7707635599
148.496826225
126.185688307
756.463327555
5.72236765935
464.158883361
55.9081018251
55.9081018251
242.012826479
205.651230835
1707.35264747
205.651230835
12.9154966501
756.463327555
2364.48941265
642.807311728
0.25950242114
47.508101621
1707.35264747
890.215085445
148.496826225
464.158883361
0.422924287439
65.7933224658
3274.54916288
40.370172586
47.508101621
242.012826479
107.226722201
21.0490414451
546.227721768
1047.61575279
91.1162756115
55.9081018251
335.160265094
107.226722201
77.4263682681
335.160265094
2364.48941265
394.420605944
242.012826479
464.158883361
394.420605944
394.420605944
464.158883361
205.651230835
174.752840001
40.370172586
1232.84673944
107.226722201
890.215085445
29.1505306283
2364.48941265
242.012826479
546.227721768
107.226722201
1707.35264747
126.185688307
890.215085445
126.185688307
546.227721768
55.9081018251
642.807311728
335.160265094
335.160265094
394.420605944
21.0490414451
107.226722201
17.8864952906
890.215085445
55.9081018251
205.651230835
12.9154966501
205.651230835
174.752840001
1450.8287785
1047.61575279
47.508101621
55.9081018251
335.160265094
55.9081018251
17.8864952906
546.227721768
0.22051307399
174.752840001
464.158883361
335.160265094
12.9154966501
17.8864952906
242.012826479
205.651230835
464.158883361
756.463327555
205.651230835
34.3046928631
1047.61575279
642.807311728
65.7933224658
242.012826479
890.215085445
2.98364724028
34.3046928631
4534.87850813
126.185688307
107.226722201
126.185688307
55.9081018251
464.158883361
3274.54916288
40.370172586
0.954548456662
9.32603346883
91.1162756115
642.807311728
40.370172586
65.7933224658
1707.35264747
34.3046928631
65.7933224658
12.9154966501
40.370172586
2364.48941265
55.9081018251
65.7933224658
242.012826479
55.9081018251
394.420605944
394.420605944
756.463327555
1.55567614393
4.13201240012
756.463327555
91.1162756115
65.7933224658
335.160265094
47.508101621
335.160265094
174.752840001
394.420605944
174.752840001
1450.8287785
464.158883361
174.752840001
335.160265094
174.752840001
47.508101621
4.86260158007
107.226722201
1232.84673944
55.9081018251
284.803586844
174.752840001
65.7933224658
15.1991108295
34.3046928631
91.1162756115
642.807311728
335.160265094
756.463327555
0.35938136638
107.226722201
242.012826479
1232.84673944
335.160265094
284.803586844
15.1991108295
2009.23300257
1707.35264747
91.1162756115
47.508101621
335.160265094
464.158883361
24.7707635599
12.9154966501
40.370172586
4.13201240012
3274.54916288
890.215085445
148.496826225
642.807311728
335.160265094
65.7933224658
464.158883361
7.92482898354
642.807311728
107.226722201
5.72236765935
148.496826225
242.012826479
284.803586844
205.651230835
40.370172586
65.7933224658
394.420605944
174.752840001
174.752840001
55.9081018251
756.463327555
148.496826225
464.158883361
55.9081018251
756.463327555
2364.48941265
242.012826479
394.420605944
335.160265094
6.73415065775
546.227721768
0.159228279334
15.1991108295
335.160265094
107.226722201
174.752840001
91.1162756115
242.012826479
394.420605944
174.752840001
174.752840001
642.807311728
335.160265094
242.012826479
284.803586844
546.227721768
47.508101621
1047.61575279
1.8307382803
107.226722201
40.370172586
242.012826479
464.158883361
2.98364724028
394.420605944
0.689261210435
29.1505306283
34.3046928631
242.012826479
1047.61575279
47.508101621
890.215085445
1047.61575279
24.7707635599
546.227721768
1047.61575279
17.8864952906
394.420605944
1.32194114847
1232.84673944
24.7707635599
756.463327555
1047.61575279
91.1162756115
9.32603346883
91.1162756115
284.803586844
47.508101621
21.0490414451
642.807311728
77.4263682681
4.86260158007
242.012826479
464.158883361
890.215085445
242.012826479
55.9081018251
21.0490414451
284.803586844
126.185688307
335.160265094
284.803586844
335.160265094
148.496826225
15.1991108295
464.158883361
91.1162756115
464.158883361
55.9081018251
890.215085445
335.160265094
9.32603346883
29.1505306283
464.158883361
2364.48941265
242.012826479
335.160265094
65.7933224658
1707.35264747
1232.84673944
1707.35264747
29.1505306283
335.160265094
242.012826479
464.158883361
242.012826479
242.012826479
394.420605944
174.752840001
1047.61575279
15.1991108295
24.7707635599
148.496826225
65.7933224658
15.1991108295
242.012826479
148.496826225
174.752840001
1.55567614393
174.752840001
0.25950242114
242.012826479
284.803586844
65.7933224658
21.0490414451
1450.8287785
242.012826479
148.496826225
47.508101621
1707.35264747
4.13201240012
1.8307382803
17.8864952906
107.226722201
65.7933224658
284.803586844
1707.35264747
4.13201240012
77.4263682681
47.508101621
3.51119173422
205.651230835
242.012826479
242.012826479
107.226722201
148.496826225
2364.48941265
205.651230835
1047.61575279
4.13201240012
394.420605944
126.185688307
464.158883361
284.803586844
148.496826225
756.463327555
642.807311728
242.012826479
5.72236765935
174.752840001
77.4263682681
1232.84673944
642.807311728
7.92482898354
21.0490414451
29.1505306283
91.1162756115
335.160265094
1047.61575279
335.160265094
34.3046928631
148.496826225
642.807311728
91.1162756115
335.160265094
1047.61575279
1707.35264747
91.1162756115
91.1162756115
5.72236765935
77.4263682681
126.185688307
546.227721768
174.752840001
29.1505306283
65.7933224658
546.227721768
12.9154966501
10.9749876549
107.226722201
47.508101621
756.463327555
546.227721768
65.7933224658
394.420605944
29.1505306283
335.160265094
890.215085445
126.185688307
642.807311728
284.803586844
335.160265094
0.01
7.92482898354
890.215085445
756.463327555
242.012826479
1707.35264747
1232.84673944
335.160265094
0.497702356433
77.4263682681
34.3046928631
546.227721768
91.1162756115
40.370172586
34.3046928631
174.752840001
65.7933224658
464.158883361
284.803586844
335.160265094
756.463327555
91.1162756115
2.98364724028
126.185688307
174.752840001
464.158883361
107.226722201
77.4263682681
2.15443469003
242.012826479
65.7933224658
148.496826225
107.226722201
284.803586844
890.215085445
77.4263682681
756.463327555
17.8864952906
2009.23300257
642.807311728
335.160265094
148.496826225
284.803586844
1232.84673944
890.215085445
148.496826225
890.215085445
464.158883361
174.752840001
756.463327555
890.215085445
756.463327555
546.227721768
107.226722201
126.185688307
1047.61575279
174.752840001
205.651230835
335.160265094
464.158883361
242.012826479
394.420605944
1707.35264747
1232.84673944
1232.84673944
55.9081018251
2.98364724028
335.160265094
242.012826479
284.803586844
756.463327555
546.227721768
24.7707635599
55.9081018251
1232.84673944
65.7933224658
642.807311728
126.185688307
242.012826479
1232.84673944
546.227721768
5.72236765935
464.158883361
394.420605944
642.807311728
284.803586844
77.4263682681
15.1991108295
40.370172586
148.496826225
205.651230835
40.370172586
40.370172586
107.226722201
4.86260158007
464.158883361
47.508101621
242.012826479
205.651230835
756.463327555
126.185688307
126.185688307
2.98364724028
1450.8287785
756.463327555
1707.35264747
642.807311728
29.1505306283
1232.84673944
12.9154966501
2364.48941265
12.9154966501
12.9154966501
34.3046928631
205.651230835
65.7933224658
205.651230835
1232.84673944
91.1162756115
642.807311728
126.185688307
284.803586844
464.158883361
756.463327555
107.226722201
546.227721768
2782.55940221
17.8864952906
29.1505306283
148.496826225
21.0490414451
126.185688307
546.227721768
1047.61575279
91.1162756115
148.496826225
394.420605944
126.185688307
890.215085445
464.158883361
47.508101621
77.4263682681
242.012826479
24.7707635599
464.158883361
284.803586844
107.226722201
29.1505306283
91.1162756115
65.7933224658
9.32603346883
242.012826479
148.496826225
335.160265094
756.463327555
107.226722201
242.012826479
21.0490414451
148.496826225
2.98364724028
40.370172586
12.9154966501
205.651230835
546.227721768
756.463327555
890.215085445
205.651230835
17.8864952906
174.752840001
5.72236765935
5.72236765935
756.463327555
284.803586844
9.32603346883
47.508101621
546.227721768
174.752840001
890.215085445
126.185688307
642.807311728
17.8864952906
205.651230835
55.9081018251
107.226722201
126.185688307
1232.84673944
464.158883361
394.420605944
1450.8287785
174.752840001
6.73415065775
1450.8287785
1707.35264747
242.012826479
284.803586844
642.807311728
464.158883361
10.9749876549
284.803586844
2009.23300257
107.226722201
756.463327555
464.158883361
77.4263682681
205.651230835
40.370172586
126.185688307
890.215085445
394.420605944
24.7707635599
91.1162756115
4.86260158007
242.012826479
65.7933224658
174.752840001
1450.8287785
242.012826479
1047.61575279
756.463327555
2.53536449397
174.752840001
242.012826479
1047.61575279
1450.8287785
91.1162756115
148.496826225
65.7933224658
91.1162756115
284.803586844
205.651230835
394.420605944
642.807311728
55.9081018251
546.227721768
34.3046928631
126.185688307
148.496826225
335.160265094
335.160265094
24.7707635599
205.651230835
126.185688307
91.1162756115
890.215085445
205.651230835
65.7933224658
205.651230835
24.7707635599
65.7933224658
464.158883361
546.227721768
3.51119173422
394.420605944
890.215085445
21.0490414451
29.1505306283
756.463327555
335.160265094
91.1162756115
1.32194114847
205.651230835
1450.8287785
29.1505306283
642.807311728
21.0490414451
174.752840001
546.227721768
5.72236765935
77.4263682681
335.160265094
17.8864952906
464.158883361
205.651230835
77.4263682681
642.807311728
29.1505306283
2.98364724028
1232.84673944
4.86260158007
65.7933224658
1707.35264747
546.227721768
17.8864952906
55.9081018251
1047.61575279
34.3046928631
55.9081018251
91.1162756115
0.585702081806
3.51119173422
756.463327555
55.9081018251
242.012826479
756.463327555
107.226722201
756.463327555
148.496826225
77.4263682681
24.7707635599
77.4263682681
126.185688307
21.0490414451
890.215085445
1.8307382803
174.752840001
15.1991108295
394.420605944
91.1162756115
0.0191791026167
335.160265094
91.1162756115
40.370172586
0.422924287439
7.92482898354
29.1505306283
2364.48941265
284.803586844
756.463327555
55.9081018251
174.752840001
126.185688307
91.1162756115
2009.23300257
91.1162756115
394.420605944
148.496826225
1047.61575279
65.7933224658
464.158883361
29.1505306283
3853.52859371
335.160265094
335.160265094
242.012826479
642.807311728
29.1505306283
546.227721768
34.3046928631
77.4263682681
9.32603346883
