205.651230835
394.420605944
1232.84673944
126.185688307
91.1162756115
3274.54916288
55.9081018251
242.012826479
15.1991108295
77.4263682681
642.807311728
55.9081018251
21.0490414451
464.158883361
0.35938136638
1047.61575279
77.4263682681
335.160265094
335.160265094
1707.35264747
107.226722201
91.1162756115
91.1162756115
6.73415065775
335.160265094
546.227721768
546.227721768
91.1162756115
126.185688307
284.803586844
91.1162756115
890.215085445
1047.61575279
205.651230835
756.463327555
1450.8287785
242.012826479
24.7707635599
148.496826225
21.0490414451
464.158883361
55.9081018251
890.215085445
34.3046928631
148.496826225
2009.23300257
148.496826225
1047.61575279
1450.8287785
546.227721768
464.158883361
2.15443469003
205.651230835
284.803586844
148.496826225
284.803586844
1450.8287785
12.9154966501
148.496826225
335.160265094
24.7707635599
174.752840001
2.98364724028
174.752840001
394.420605944
1450.8287785
890.215085445
21.0490414451
29.1505306283
890.215085445
126.185688307
174.752840001
107.226722201
148.496826225
1450.8287785
34.3046928631
7.92482898354
107.226722201
55.9081018251
205.651230835
24.7707635599
2009.23300257
10.9749876549
1047.61575279
17.8864952906
756.463327555
1047.61575279
642.807311728
126.185688307
890.215085445
55.9081018251
148.496826225
335.160265094
65.7933224658
205.651230835
890.215085445
91.1162756115
464.158883361
9.32603346883
40.370172586
91.1162756115
91.1162756115
148.496826225
1047.61575279
394.420605944
1047.61575279
335.160265094
335.160265094
77.4263682681
174.752840001
546.227721768
65.7933224658
174.752840001
464.158883361
242.012826479
1450.8287785
546.227721768
77.4263682681
1450.8287785
91.1162756115
1047.61575279
24.7707635599
126.185688307
1.8307382803
34.3046928631
242.012826479
126.185688307
174.752840001
174.752840001
242.012826479
2.15443469003
40.370172586
126.185688307
55.9081018251
464.158883361
148.496826225
17.8864952906
642.807311728
756.463327555
148.496826225
148.496826225
3.51119173422
55.9081018251
284.803586844
148.496826225
65.7933224658
34.3046928631
335.160265094
77.4263682681
0.22051307399
546.227721768
174.752840001
890.215085445
148.496826225
5.72236765935
29.1505306283
642.807311728
24.7707635599
205.651230835
77.4263682681
148.496826225
174.752840001
77.4263682681
2.15443469003
756.463327555
65.7933224658
107.226722201
1232.84673944
335.160265094
65.7933224658
77.4263682681
77.4263682681
890.215085445
756.463327555
394.420605944
55.9081018251
1232.84673944
77.4263682681
1450.8287785
174.752840001
1047.61575279
890.215085445
77.4263682681
546.227721768
242.012826479
2.98364724028
77.4263682681
17.8864952906
5.72236765935
65.7933224658
174.752840001
21.0490414451
642.807311728
242.012826479
394.420605944
47.508101621
21.0490414451
2364.48941265
77.4263682681
21.0490414451
47.508101621
77.4263682681
65.7933224658
2.98364724028
9.32603346883
148.496826225
21.0490414451
91.1162756115
464.158883361
77.4263682681
890.215085445
464.158883361
756.463327555
40.370172586
464.158883361
242.012826479
4.13201240012
642.807311728
10.9749876549
34.3046928631
642.807311728
55.9081018251
2009.23300257
335.160265094
242.012826479
40.370172586
642.807311728
126.185688307
335.160265094
242.012826479
284.803586844
126.185688307
642.807311728
77.4263682681
756.463327555
756.463327555
2364.48941265
546.227721768
1450.8287785
205.651230835
24.7707635599
284.803586844
242.012826479
335.160265094
1.12332403298
546.227721768
107.226722201
642.807311728
1232.84673944
2364.48941265
394.420605944
34.3046928631
464.158883361
642.807311728
91.1162756115
91.1162756115
242.012826479
242.012826479
6.73415065775
126.185688307
205.651230835
0.954548456662
284.803586844
40.370172586
1232.84673944
107.226722201
107.226722201
4.86260158007
394.420605944
107.226722201
464.158883361
1232.84673944
9.32603346883
29.1505306283
1047.61575279
2.98364724028
126.185688307
1232.84673944
642.807311728
394.420605944
1.55567614393
756.463327555
546.227721768
15.1991108295
174.752840001
335.160265094
3.51119173422
91.1162756115
17.8864952906
7.92482898354
2.98364724028
47.508101621
126.185688307
174.752840001
21.0490414451
148.496826225
756.463327555
9.32603346883
55.9081018251
174.752840001
107.226722201
65.7933224658
148.496826225
126.185688307
242.012826479
242.012826479
546.227721768
148.496826225
284.803586844
55.9081018251
394.420605944
29.1505306283
335.160265094
65.7933224658
9.32603346883
464.158883361
546.227721768
126.185688307
40.370172586
107.226722201
10.9749876549
2009.23300257
77.4263682681
91.1162756115
91.1162756115
756.463327555
890.215085445
24.7707635599
1707.35264747
284.803586844
205.651230835
2364.48941265
126.185688307
174.752840001
148.496826225
394.420605944
24.7707635599
205.651230835
242.012826479
77.4263682681
107.226722201
1707.35264747
107.226722201
2009.23300257
464.158883361
756.463327555
65.7933224658
1232.84673944
1047.61575279
464.158883361
242.012826479
40.370172586
91.1162756115
34.3046928631
29.1505306283
10.9749876549
148.496826225
546.227721768
65.7933224658
394.420605944
0.954548456662
1047.61575279
464.158883361
40.370172586
284.803586844
17.8864952906
107.226722201
242.012826479
642.807311728
546.227721768
890.215085445
126.185688307
40.370172586
1.55567614393
464.158883361
148.496826225
24.7707635599
284.803586844
242.012826479
284.803586844
24.7707635599
29.1505306283
394.420605944
1232.84673944
242.012826479
1232.84673944
205.651230835
65.7933224658
6.73415065775
890.215085445
890.215085445
464.158883361
205.651230835
335.160265094
205.651230835
2009.23300257
464.158883361
55.9081018251
546.227721768
1.55567614393
6.73415065775
17.8864952906
24.7707635599
284.803586844
642.807311728
335.160265094
464.158883361
12.9154966501
126.185688307
40.370172586
205.651230835
2364.48941265
174.752840001
126.185688307
107.226722201
24.7707635599
34.3046928631
284.803586844
77.4263682681
546.227721768
284.803586844
394.420605944
34.3046928631
756.463327555
546.227721768
394.420605944
284.803586844
4534.87850813
205.651230835
77.4263682681
8697.49002618
890.215085445
0.25950242114
174.752840001
126.185688307
17.8864952906
2364.48941265
642.807311728
5336.69923121
205.651230835
148.496826225
148.496826225
6.73415065775
24.7707635599
464.158883361
174.752840001
126.185688307
284.803586844
148.496826225
756.463327555
55.9081018251
3274.54916288
642.807311728
77.4263682681
642.807311728
335.160265094
242.012826479
34.3046928631
284.803586844
2009.23300257
2009.23300257
756.463327555
107.226722201
642.807311728
890.215085445
77.4263682681
242.012826479
1047.61575279
394.420605944
205.651230835
12.9154966501
1.8307382803
1232.84673944
34.3046928631
148.496826225
47.508101621
546.227721768
126.185688307
642.807311728
148.496826225
284.803586844
126.185688307
205.651230835
242.012826479
17.8864952906
284.803586844
546.227721768
284.803586844
546.227721768
148.496826225
464.158883361
107.226722201
756.463327555
890.215085445
1047.61575279
1232.84673944
47.508101621
205.651230835
546.227721768
126.185688307
77.4263682681
394.420605944
205.651230835
174.752840001
756.463327555
148.496826225
2009.23300257
242.012826479
464.158883361
394.420605944
546.227721768
91.1162756115
107.226722201
546.227721768
890.215085445
126.185688307
205.651230835
284.803586844
148.496826225
148.496826225
394.420605944
55.9081018251
2.53536449397
55.9081018251
756.463327555
890.215085445
284.803586844
464.158883361
91.1162756115
107.226722201
642.807311728
47.508101621
148.496826225
4534.87850813
9.32603346883
335.160265094
15.1991108295
642.807311728
77.4263682681
0.81113083079
890.215085445
756.463327555
9.32603346883
21.0490414451
126.185688307
34.3046928631
464.158883361
55.9081018251
107.226722201
77.4263682681
335.160265094
148.496826225
546.227721768
174.752840001
21.0490414451
1450.8287785
890.215085445
464.158883361
17.8864952906
242.012826479
284.803586844
205.651230835
77.4263682681
29.1505306283
394.420605944
890.215085445
174.752840001
91.1162756115
394.420605944
2009.23300257
756.463327555
642.807311728
464.158883361
642.807311728
1450.8287785
205.651230835
4.86260158007
1450.8287785
15.1991108295
21.0490414451
756.463327555
1.12332403298
148.496826225
464.158883361
55.9081018251
107.226722201
242.012826479
0.0705480231072
1232.84673944
335.160265094
91.1162756115
77.4263682681
91.1162756115
394.420605944
546.227721768
4.13201240012
40.370172586
126.185688307
890.215085445
756.463327555
1047.61575279
174.752840001
284.803586844
55.9081018251
546.227721768
34.3046928631
890.215085445
642.807311728
1.8307382803
47.508101621
0.0599484250319
2.53536449397
1232.84673944
242.012826479
34.3046928631
12.9154966501
1707.35264747
29.1505306283
55.9081018251
642.807311728
17.8864952906
40.370172586
126.185688307
47.508101621
47.508101621
174.752840001
148.496826225
394.420605944
65.7933224658
91.1162756115
394.420605944
12.9154966501
394.420605944
546.227721768
174.752840001
47.508101621
24.7707635599
65.7933224658
0.11497569954
284.803586844
394.420605944
205.651230835
335.160265094
756.463327555
1047.61575279
126.185688307
0.497702356433
756.463327555
464.158883361
335.160265094
91.1162756115
126.185688307
77.4263682681
47.508101621
242.012826479
77.4263682681
2.98364724028
1232.84673944
107.226722201
394.420605944
77.4263682681
1232.84673944
1232.84673944
756.463327555
205.651230835
2.53536449397
205.651230835
756.463327555
55.9081018251
464.158883361
1047.61575279
65.7933224658
40.370172586
40.370172586
1047.61575279
40.370172586
284.803586844
148.496826225
55.9081018251
890.215085445
394.420605944
55.9081018251
15.1991108295
1.55567614393
47.508101621
91.1162756115
1232.84673944
29.1505306283
17.8864952906
107.226722201
9.32603346883
1.32194114847
2364.48941265
890.215085445
47.508101621
174.752840001
2782.55940221
284.803586844
1450.8287785
77.4263682681
24.7707635599
1047.61575279
335.160265094
242.012826479
55.9081018251
394.420605944
21.0490414451
1047.61575279
642.807311728
242.012826479
1232.84673944
0.0705480231072
174.752840001
546.227721768
2.98364724028
464.158883361
394.420605944
284.803586844
77.4263682681
4.13201240012
10.9749876549
642.807311728
91.1162756115
12.9154966501
29.1505306283
47.508101621
642.807311728
10.9749876549
55.9081018251
890.215085445
205.651230835
546.227721768
126.185688307
29.1505306283
24.7707635599
394.420605944
21.0490414451
284.803586844
55.9081018251
15.1991108295
1450.8287785
0.585702081806
174.752840001
1707.35264747
34.3046928631
148.496826225
242.012826479
91.1162756115
284.803586844
1707.35264747
546.227721768
284.803586844
2009.23300257
756.463327555
284.803586844
148.496826225
464.158883361
15.1991108295
335.160265094
756.463327555
77.4263682681
126.185688307
394.420605944
890.215085445
335.160265094
91.1162756115
6.73415065775
1707.35264747
1232.84673944
107.226722201
29.1505306283
65.7933224658
205.651230835
284.803586844
890.215085445
1450.8287785
10.9749876549
17.8864952906
6.73415065775
284.803586844
21.0490414451
126.185688307
174.752840001
642.807311728
464.158883361
242.012826479
17.8864952906
464.158883361
2.98364724028
107.226722201
756.463327555
29.1505306283
40.370172586
126.185688307
126.185688307
77.4263682681
148.496826225
335.160265094
126.185688307
91.1162756115
126.185688307
40.370172586
91.1162756115
4.13201240012
2782.55940221
642.807311728
335.160265094
394.420605944
174.752840001
10.9749876549
1.12332403298
126.185688307
284.803586844
464.158883361
3.51119173422
126.185688307
148.496826225
55.9081018251
2009.23300257
464.158883361
34.3046928631
642.807311728
890.215085445
107.226722201
21.0490414451
394.420605944
174.752840001
174.752840001
17.8864952906
148.496826225
7.92482898354
91.1162756115
77.4263682681
1.8307382803
205.651230835
642.807311728
546.227721768
3274.54916288
1232.84673944
242.012826479
126.185688307
546.227721768
15.1991108295
242.012826479
205.651230835
107.226722201
2009.23300257
148.496826225
642.807311728
174.752840001
205.651230835
29.1505306283
1707.35264747
47.508101621
1450.8287785
148.496826225
91.1162756115
284.803586844
546.227721768
29.1505306283
284.803586844
91.1162756115
242.012826479
174.752840001
21.0490414451
3274.54916288
1707.35264747
284.803586844
464.158883361
242.012826479
394.420605944
29.1505306283
756.463327555
1232.84673944
242.012826479
174.752840001
1.32194114847
1450.8287785
148.496826225
756.463327555
148.496826225
91.1162756115
126.185688307
107.226722201
1047.61575279
4.13201240012
1707.35264747
12.9154966501
335.160265094
642.807311728
6.73415065775
756.463327555
394.420605944
107.226722201
756.463327555
40.370172586
546.227721768
3.51119173422
148.496826225
91.1162756115
174.752840001
91.1162756115
205.651230835
1450.8287785
284.803586844
107.226722201
394.420605944
174.752840001
0.135304777458
4.86260158007
91.1162756115
126.185688307
464.158883361
107.226722201
394.420605944
77.4263682681
1047.61575279
205.651230835
174.752840001
65.7933224658
174.752840001
642.807311728
284.803586844
546.227721768
1450.8287785
1.8307382803
756.463327555
3.51119173422
205.651230835
890.215085445
29.1505306283
205.651230835
464.158883361
284.803586844
126.185688307
642.807311728
107.226722201
91.1162756115
174.752840001
91.1162756115
0.81113083079
242.012826479
40.370172586
91.1162756115
107.226722201
107.226722201
7.92482898354
205.651230835
1232.84673944
464.158883361
1232.84673944
890.215085445
3.51119173422
77.4263682681
12.9154966501
47.508101621
335.160265094
91.1162756115
464.158883361
0.0312571584969
464.158883361
174.752840001
205.651230835
242.012826479
1450.8287785
2782.55940221
65.7933224658
546.227721768
335.160265094
464.158883361
642.807311728
107.226722201
464.158883361
546.227721768
47.508101621
55.9081018251
642.807311728
642.807311728
242.012826479
1047.61575279
642.807311728
464.158883361
174.752840001
284.803586844
1707.35264747
91.1162756115
17.8864952906
464.158883361
126.185688307
464.158883361
890.215085445
91.1162756115
148.496826225
205.651230835
1707.35264747
17.8864952906
464.158883361
47.508101621
5.72236765935
3.51119173422
